COMMAND
./sim gshare 12 4 traces/gcc_trace.txt 
OUTPUT
number of predictions:		2000000
number of mispredictions:	267932
misprediction rate:		13.40%
FINAL GSHARE CONTENTS
0	7
1	4
2	0
3	7
4	0
5	7
6	0
7	0
8	0
9	5
10	0
11	6
12	5
13	7
14	7
15	0
16	7
17	7
18	2
19	7
20	4
21	7
22	7
23	7
24	0
25	1
26	0
27	5
28	0
29	7
30	0
31	4
32	7
33	4
34	7
35	7
36	0
37	5
38	0
39	0
40	0
41	7
42	0
43	0
44	0
45	0
46	0
47	0
48	7
49	7
50	6
51	0
52	0
53	7
54	7
55	0
56	6
57	0
58	7
59	6
60	4
61	3
62	5
63	0
64	7
65	7
66	0
67	0
68	0
69	2
70	0
71	0
72	0
73	0
74	6
75	7
76	0
77	7
78	7
79	7
80	7
81	7
82	1
83	7
84	4
85	0
86	7
87	1
88	7
89	7
90	7
91	4
92	7
93	7
94	4
95	5
96	6
97	0
98	0
99	0
100	0
101	0
102	7
103	7
104	7
105	7
106	7
107	7
108	7
109	7
110	7
111	7
112	0
113	2
114	0
115	0
116	0
117	1
118	6
119	0
120	6
121	1
122	4
123	0
124	2
125	0
126	0
127	1
128	7
129	1
130	7
131	6
132	7
133	7
134	7
135	7
136	6
137	0
138	0
139	5
140	7
141	7
142	0
143	2
144	0
145	0
146	0
147	0
148	2
149	0
150	4
151	0
152	2
153	7
154	7
155	7
156	0
157	7
158	0
159	7
160	3
161	6
162	0
163	7
164	7
165	0
166	7
167	6
168	1
169	3
170	5
171	0
172	7
173	3
174	0
175	4
176	7
177	6
178	6
179	1
180	7
181	7
182	7
183	7
184	7
185	0
186	6
187	7
188	7
189	7
190	7
191	7
192	0
193	5
194	0
195	0
196	0
197	4
198	0
199	0
200	0
201	0
202	0
203	0
204	1
205	0
206	7
207	3
208	7
209	7
210	7
211	6
212	0
213	0
214	0
215	7
216	0
217	7
218	0
219	0
220	0
221	0
222	0
223	0
224	7
225	7
226	0
227	0
228	0
229	0
230	7
231	6
232	7
233	0
234	0
235	7
236	3
237	7
238	0
239	7
240	0
241	3
242	0
243	0
244	7
245	7
246	1
247	0
248	0
249	7
250	0
251	5
252	0
253	0
254	1
255	5
256	0
257	0
258	7
259	7
260	4
261	0
262	0
263	7
264	6
265	7
266	7
267	0
268	2
269	1
270	6
271	0
272	0
273	2
274	0
275	7
276	7
277	4
278	2
279	7
280	0
281	7
282	1
283	6
284	7
285	7
286	7
287	7
288	7
289	7
290	7
291	7
292	0
293	0
294	6
295	4
296	7
297	5
298	7
299	0
300	0
301	0
302	7
303	0
304	0
305	0
306	0
307	0
308	0
309	0
310	0
311	7
312	7
313	2
314	6
315	7
316	7
317	3
318	0
319	0
320	0
321	1
322	6
323	7
324	7
325	0
326	0
327	0
328	7
329	0
330	0
331	3
332	3
333	0
334	7
335	6
336	0
337	7
338	0
339	4
340	0
341	0
342	7
343	0
344	0
345	7
346	0
347	3
348	0
349	3
350	7
351	1
352	3
353	0
354	7
355	0
356	0
357	7
358	7
359	7
360	1
361	7
362	6
363	7
364	7
365	7
366	0
367	2
368	0
369	0
370	3
371	0
372	7
373	0
374	2
375	4
376	6
377	7
378	0
379	0
380	0
381	2
382	0
383	0
384	0
385	0
386	2
387	0
388	7
389	0
390	6
391	0
392	7
393	0
394	7
395	7
396	7
397	7
398	7
399	7
400	0
401	0
402	0
403	0
404	7
405	0
406	5
407	0
408	1
409	4
410	7
411	2
412	0
413	4
414	2
415	7
416	7
417	7
418	0
419	0
420	0
421	0
422	7
423	6
424	7
425	0
426	1
427	1
428	7
429	0
430	0
431	4
432	6
433	7
434	0
435	7
436	7
437	0
438	7
439	0
440	7
441	0
442	7
443	0
444	7
445	0
446	7
447	7
448	7
449	6
450	7
451	0
452	7
453	7
454	7
455	3
456	0
457	5
458	7
459	7
460	1
461	0
462	7
463	7
464	6
465	0
466	2
467	7
468	7
469	7
470	6
471	7
472	0
473	0
474	0
475	0
476	0
477	0
478	1
479	7
480	7
481	7
482	7
483	3
484	2
485	0
486	0
487	7
488	7
489	7
490	7
491	0
492	5
493	1
494	7
495	0
496	6
497	0
498	0
499	0
500	0
501	0
502	0
503	0
504	0
505	0
506	0
507	1
508	0
509	2
510	0
511	0
512	7
513	7
514	0
515	7
516	7
517	4
518	7
519	0
520	5
521	1
522	7
523	0
524	7
525	7
526	5
527	7
528	0
529	0
530	0
531	0
532	0
533	7
534	7
535	7
536	0
537	3
538	0
539	0
540	1
541	1
542	7
543	7
544	0
545	0
546	5
547	0
548	0
549	7
550	1
551	7
552	0
553	7
554	0
555	0
556	0
557	3
558	0
559	0
560	0
561	0
562	6
563	0
564	1
565	0
566	0
567	7
568	0
569	7
570	0
571	0
572	7
573	7
574	7
575	0
576	7
577	0
578	7
579	7
580	0
581	0
582	6
583	1
584	7
585	4
586	5
587	0
588	0
589	7
590	7
591	0
592	1
593	0
594	0
595	7
596	0
597	6
598	1
599	1
600	7
601	7
602	7
603	0
604	6
605	2
606	0
607	0
608	0
609	1
610	0
611	4
612	0
613	0
614	5
615	0
616	0
617	5
618	7
619	0
620	0
621	1
622	2
623	0
624	7
625	6
626	0
627	0
628	2
629	7
630	0
631	1
632	0
633	7
634	0
635	0
636	0
637	7
638	0
639	4
640	1
641	0
642	1
643	3
644	7
645	7
646	7
647	0
648	0
649	0
650	7
651	7
652	7
653	0
654	1
655	7
656	1
657	0
658	0
659	0
660	0
661	7
662	1
663	7
664	7
665	0
666	0
667	2
668	0
669	1
670	5
671	4
672	2
673	2
674	7
675	6
676	7
677	7
678	7
679	0
680	3
681	7
682	6
683	0
684	7
685	7
686	7
687	0
688	6
689	0
690	0
691	0
692	7
693	5
694	7
695	7
696	7
697	0
698	0
699	0
700	0
701	0
702	3
703	0
704	7
705	7
706	0
707	7
708	7
709	6
710	5
711	5
712	7
713	7
714	7
715	6
716	0
717	7
718	6
719	6
720	1
721	0
722	5
723	7
724	0
725	0
726	2
727	0
728	7
729	7
730	0
731	0
732	7
733	0
734	3
735	0
736	3
737	7
738	0
739	0
740	0
741	0
742	7
743	7
744	7
745	0
746	0
747	7
748	7
749	0
750	7
751	5
752	0
753	1
754	0
755	0
756	7
757	7
758	7
759	0
760	0
761	3
762	7
763	5
764	6
765	6
766	0
767	7
768	7
769	7
770	7
771	5
772	0
773	0
774	6
775	0
776	7
777	2
778	7
779	4
780	6
781	0
782	0
783	7
784	0
785	2
786	7
787	7
788	5
789	6
790	7
791	7
792	0
793	0
794	0
795	4
796	1
797	5
798	0
799	0
800	7
801	7
802	7
803	0
804	1
805	7
806	7
807	7
808	5
809	2
810	6
811	0
812	0
813	0
814	0
815	7
816	0
817	7
818	1
819	0
820	7
821	7
822	0
823	0
824	0
825	0
826	0
827	7
828	0
829	3
830	0
831	7
832	6
833	0
834	0
835	0
836	7
837	7
838	7
839	7
840	4
841	2
842	6
843	6
844	7
845	0
846	4
847	7
848	1
849	3
850	7
851	7
852	6
853	5
854	7
855	7
856	1
857	7
858	7
859	7
860	0
861	7
862	3
863	7
864	6
865	0
866	0
867	0
868	0
869	7
870	0
871	7
872	0
873	0
874	0
875	7
876	0
877	0
878	7
879	0
880	0
881	0
882	7
883	5
884	7
885	7
886	7
887	0
888	7
889	7
890	1
891	1
892	7
893	0
894	7
895	7
896	0
897	1
898	0
899	1
900	0
901	0
902	5
903	7
904	0
905	0
906	6
907	2
908	5
909	7
910	0
911	7
912	7
913	0
914	0
915	5
916	1
917	4
918	0
919	0
920	0
921	0
922	5
923	2
924	7
925	6
926	7
927	7
928	6
929	7
930	0
931	0
932	7
933	0
934	6
935	4
936	1
937	0
938	0
939	5
940	7
941	1
942	0
943	0
944	4
945	0
946	6
947	6
948	0
949	7
950	0
951	0
952	0
953	0
954	7
955	7
956	1
957	4
958	0
959	2
960	5
961	7
962	6
963	0
964	0
965	0
966	7
967	0
968	6
969	4
970	6
971	7
972	5
973	0
974	5
975	0
976	7
977	3
978	0
979	0
980	7
981	7
982	6
983	5
984	7
985	0
986	0
987	4
988	0
989	0
990	1
991	7
992	6
993	4
994	0
995	0
996	0
997	7
998	7
999	7
1000	7
1001	7
1002	0
1003	0
1004	7
1005	0
1006	0
1007	7
1008	7
1009	7
1010	4
1011	7
1012	6
1013	6
1014	7
1015	7
1016	7
1017	1
1018	0
1019	4
1020	7
1021	7
1022	0
1023	7
1024	7
1025	7
1026	0
1027	7
1028	0
1029	0
1030	7
1031	6
1032	7
1033	1
1034	6
1035	7
1036	0
1037	0
1038	7
1039	3
1040	0
1041	7
1042	4
1043	1
1044	0
1045	0
1046	0
1047	1
1048	7
1049	7
1050	0
1051	6
1052	0
1053	7
1054	7
1055	7
1056	7
1057	0
1058	6
1059	7
1060	3
1061	2
1062	4
1063	6
1064	7
1065	2
1066	1
1067	7
1068	0
1069	0
1070	7
1071	4
1072	3
1073	1
1074	7
1075	7
1076	5
1077	0
1078	0
1079	0
1080	0
1081	1
1082	3
1083	2
1084	3
1085	7
1086	7
1087	0
1088	7
1089	7
1090	7
1091	7
1092	5
1093	0
1094	0
1095	6
1096	5
1097	6
1098	6
1099	6
1100	2
1101	0
1102	7
1103	7
1104	0
1105	1
1106	0
1107	1
1108	6
1109	0
1110	2
1111	6
1112	7
1113	0
1114	7
1115	7
1116	7
1117	7
1118	0
1119	0
1120	7
1121	7
1122	0
1123	0
1124	6
1125	6
1126	7
1127	0
1128	5
1129	7
1130	7
1131	2
1132	0
1133	6
1134	5
1135	7
1136	0
1137	7
1138	5
1139	7
1140	0
1141	0
1142	7
1143	0
1144	1
1145	0
1146	0
1147	7
1148	6
1149	0
1150	1
1151	0
1152	3
1153	0
1154	0
1155	0
1156	0
1157	0
1158	7
1159	7
1160	0
1161	1
1162	0
1163	7
1164	7
1165	5
1166	7
1167	7
1168	0
1169	0
1170	7
1171	7
1172	7
1173	3
1174	7
1175	7
1176	0
1177	0
1178	0
1179	0
1180	0
1181	7
1182	7
1183	7
1184	5
1185	0
1186	2
1187	3
1188	1
1189	0
1190	3
1191	0
1192	1
1193	7
1194	1
1195	7
1196	0
1197	7
1198	1
1199	0
1200	0
1201	1
1202	7
1203	4
1204	0
1205	0
1206	0
1207	0
1208	3
1209	7
1210	7
1211	7
1212	7
1213	7
1214	0
1215	0
1216	0
1217	0
1218	4
1219	1
1220	0
1221	0
1222	0
1223	0
1224	0
1225	0
1226	7
1227	0
1228	7
1229	0
1230	0
1231	0
1232	6
1233	4
1234	7
1235	7
1236	0
1237	7
1238	0
1239	0
1240	0
1241	0
1242	5
1243	5
1244	6
1245	4
1246	7
1247	0
1248	7
1249	7
1250	1
1251	0
1252	1
1253	7
1254	1
1255	5
1256	0
1257	0
1258	1
1259	0
1260	0
1261	7
1262	7
1263	7
1264	6
1265	0
1266	7
1267	7
1268	7
1269	0
1270	3
1271	0
1272	7
1273	7
1274	2
1275	2
1276	7
1277	7
1278	4
1279	0
1280	7
1281	0
1282	3
1283	1
1284	0
1285	7
1286	7
1287	7
1288	7
1289	7
1290	7
1291	7
1292	4
1293	7
1294	7
1295	0
1296	4
1297	4
1298	0
1299	7
1300	0
1301	4
1302	1
1303	7
1304	1
1305	0
1306	4
1307	6
1308	0
1309	7
1310	0
1311	7
1312	6
1313	4
1314	0
1315	0
1316	0
1317	0
1318	7
1319	0
1320	7
1321	0
1322	7
1323	0
1324	0
1325	7
1326	7
1327	6
1328	0
1329	5
1330	7
1331	0
1332	1
1333	0
1334	0
1335	7
1336	5
1337	0
1338	0
1339	7
1340	0
1341	0
1342	1
1343	0
1344	0
1345	5
1346	7
1347	0
1348	7
1349	0
1350	0
1351	7
1352	7
1353	0
1354	7
1355	7
1356	7
1357	7
1358	7
1359	7
1360	6
1361	0
1362	7
1363	2
1364	1
1365	7
1366	0
1367	7
1368	5
1369	0
1370	7
1371	0
1372	0
1373	0
1374	0
1375	1
1376	7
1377	3
1378	0
1379	0
1380	0
1381	0
1382	7
1383	7
1384	0
1385	7
1386	7
1387	0
1388	0
1389	0
1390	0
1391	0
1392	7
1393	0
1394	5
1395	0
1396	7
1397	7
1398	7
1399	0
1400	7
1401	0
1402	4
1403	7
1404	0
1405	0
1406	2
1407	4
1408	0
1409	0
1410	7
1411	0
1412	5
1413	7
1414	0
1415	0
1416	0
1417	7
1418	3
1419	0
1420	0
1421	0
1422	0
1423	7
1424	7
1425	7
1426	7
1427	0
1428	6
1429	5
1430	0
1431	7
1432	7
1433	0
1434	5
1435	6
1436	1
1437	7
1438	2
1439	5
1440	7
1441	3
1442	6
1443	4
1444	5
1445	0
1446	0
1447	0
1448	6
1449	7
1450	7
1451	0
1452	0
1453	0
1454	7
1455	4
1456	6
1457	7
1458	7
1459	7
1460	0
1461	7
1462	6
1463	6
1464	2
1465	1
1466	0
1467	7
1468	0
1469	2
1470	7
1471	6
1472	0
1473	0
1474	6
1475	1
1476	0
1477	0
1478	0
1479	1
1480	7
1481	7
1482	0
1483	0
1484	0
1485	0
1486	0
1487	7
1488	7
1489	0
1490	1
1491	0
1492	7
1493	7
1494	6
1495	7
1496	0
1497	0
1498	7
1499	2
1500	1
1501	0
1502	7
1503	7
1504	0
1505	0
1506	0
1507	0
1508	1
1509	0
1510	0
1511	7
1512	0
1513	7
1514	7
1515	0
1516	6
1517	2
1518	0
1519	0
1520	7
1521	7
1522	7
1523	0
1524	3
1525	6
1526	7
1527	1
1528	0
1529	7
1530	7
1531	0
1532	0
1533	0
1534	6
1535	6
1536	7
1537	7
1538	0
1539	0
1540	0
1541	7
1542	7
1543	0
1544	7
1545	7
1546	7
1547	7
1548	0
1549	0
1550	0
1551	0
1552	7
1553	7
1554	7
1555	7
1556	7
1557	6
1558	7
1559	7
1560	0
1561	5
1562	0
1563	3
1564	7
1565	7
1566	7
1567	7
1568	0
1569	6
1570	0
1571	7
1572	7
1573	0
1574	0
1575	7
1576	2
1577	7
1578	7
1579	7
1580	0
1581	0
1582	7
1583	7
1584	7
1585	0
1586	0
1587	0
1588	1
1589	2
1590	0
1591	5
1592	7
1593	7
1594	7
1595	6
1596	0
1597	7
1598	7
1599	7
1600	7
1601	6
1602	7
1603	6
1604	7
1605	0
1606	7
1607	0
1608	0
1609	7
1610	4
1611	7
1612	1
1613	5
1614	5
1615	0
1616	0
1617	0
1618	0
1619	0
1620	0
1621	0
1622	5
1623	0
1624	0
1625	0
1626	0
1627	7
1628	7
1629	7
1630	0
1631	0
1632	0
1633	0
1634	0
1635	0
1636	7
1637	7
1638	0
1639	5
1640	0
1641	3
1642	7
1643	0
1644	7
1645	0
1646	7
1647	7
1648	7
1649	4
1650	0
1651	7
1652	7
1653	5
1654	0
1655	2
1656	0
1657	0
1658	0
1659	0
1660	7
1661	7
1662	0
1663	5
1664	7
1665	0
1666	0
1667	7
1668	7
1669	5
1670	7
1671	2
1672	0
1673	0
1674	0
1675	7
1676	4
1677	7
1678	7
1679	7
1680	0
1681	0
1682	0
1683	0
1684	0
1685	0
1686	7
1687	6
1688	0
1689	0
1690	1
1691	0
1692	6
1693	7
1694	7
1695	6
1696	7
1697	7
1698	7
1699	7
1700	0
1701	7
1702	7
1703	7
1704	6
1705	7
1706	6
1707	3
1708	4
1709	0
1710	2
1711	0
1712	7
1713	5
1714	7
1715	7
1716	0
1717	0
1718	7
1719	7
1720	0
1721	0
1722	7
1723	0
1724	3
1725	7
1726	0
1727	7
1728	1
1729	4
1730	0
1731	0
1732	0
1733	7
1734	7
1735	7
1736	7
1737	0
1738	0
1739	0
1740	0
1741	0
1742	0
1743	0
1744	6
1745	0
1746	0
1747	7
1748	6
1749	7
1750	4
1751	7
1752	0
1753	6
1754	0
1755	2
1756	7
1757	1
1758	6
1759	1
1760	3
1761	0
1762	7
1763	7
1764	0
1765	7
1766	0
1767	0
1768	7
1769	7
1770	7
1771	0
1772	7
1773	7
1774	7
1775	7
1776	0
1777	7
1778	7
1779	7
1780	7
1781	4
1782	7
1783	7
1784	0
1785	7
1786	0
1787	7
1788	3
1789	7
1790	7
1791	7
1792	0
1793	7
1794	0
1795	0
1796	0
1797	0
1798	0
1799	0
1800	0
1801	0
1802	7
1803	5
1804	7
1805	7
1806	0
1807	0
1808	7
1809	0
1810	0
1811	0
1812	4
1813	3
1814	7
1815	7
1816	6
1817	0
1818	5
1819	0
1820	7
1821	0
1822	7
1823	7
1824	6
1825	0
1826	7
1827	7
1828	0
1829	0
1830	0
1831	0
1832	0
1833	0
1834	7
1835	7
1836	7
1837	0
1838	7
1839	0
1840	1
1841	6
1842	7
1843	7
1844	5
1845	7
1846	0
1847	7
1848	7
1849	7
1850	7
1851	5
1852	7
1853	0
1854	0
1855	1
1856	7
1857	7
1858	7
1859	7
1860	7
1861	7
1862	6
1863	7
1864	1
1865	7
1866	7
1867	5
1868	7
1869	0
1870	7
1871	0
1872	5
1873	7
1874	7
1875	7
1876	2
1877	0
1878	4
1879	7
1880	7
1881	7
1882	7
1883	7
1884	7
1885	7
1886	0
1887	7
1888	0
1889	0
1890	2
1891	2
1892	0
1893	0
1894	0
1895	0
1896	1
1897	7
1898	7
1899	7
1900	0
1901	0
1902	7
1903	0
1904	0
1905	7
1906	5
1907	0
1908	4
1909	7
1910	6
1911	0
1912	3
1913	0
1914	0
1915	0
1916	1
1917	5
1918	4
1919	7
1920	1
1921	6
1922	0
1923	7
1924	2
1925	0
1926	0
1927	7
1928	0
1929	3
1930	0
1931	7
1932	7
1933	3
1934	6
1935	7
1936	7
1937	5
1938	7
1939	6
1940	4
1941	5
1942	1
1943	4
1944	0
1945	0
1946	2
1947	0
1948	4
1949	7
1950	0
1951	0
1952	7
1953	1
1954	0
1955	7
1956	7
1957	0
1958	1
1959	0
1960	7
1961	0
1962	7
1963	0
1964	0
1965	7
1966	0
1967	7
1968	7
1969	7
1970	7
1971	7
1972	0
1973	5
1974	7
1975	7
1976	7
1977	0
1978	7
1979	5
1980	7
1981	5
1982	5
1983	7
1984	3
1985	7
1986	6
1987	7
1988	0
1989	6
1990	5
1991	2
1992	7
1993	7
1994	0
1995	0
1996	7
1997	0
1998	0
1999	7
2000	6
2001	0
2002	0
2003	7
2004	7
2005	4
2006	5
2007	2
2008	7
2009	3
2010	0
2011	7
2012	7
2013	7
2014	7
2015	6
2016	6
2017	5
2018	6
2019	6
2020	0
2021	0
2022	0
2023	0
2024	0
2025	0
2026	7
2027	0
2028	7
2029	0
2030	6
2031	7
2032	7
2033	1
2034	6
2035	7
2036	7
2037	7
2038	4
2039	0
2040	5
2041	4
2042	7
2043	4
2044	4
2045	7
2046	7
2047	0
2048	5
2049	7
2050	4
2051	7
2052	6
2053	0
2054	7
2055	7
2056	0
2057	1
2058	7
2059	7
2060	0
2061	0
2062	1
2063	4
2064	6
2065	0
2066	7
2067	0
2068	7
2069	7
2070	6
2071	0
2072	0
2073	1
2074	7
2075	7
2076	0
2077	0
2078	3
2079	6
2080	1
2081	7
2082	7
2083	7
2084	0
2085	2
2086	0
2087	7
2088	0
2089	1
2090	0
2091	6
2092	7
2093	7
2094	6
2095	7
2096	6
2097	0
2098	0
2099	1
2100	3
2101	2
2102	6
2103	7
2104	7
2105	0
2106	7
2107	0
2108	7
2109	0
2110	0
2111	0
2112	4
2113	2
2114	3
2115	0
2116	7
2117	4
2118	7
2119	4
2120	5
2121	0
2122	2
2123	1
2124	6
2125	4
2126	0
2127	2
2128	0
2129	0
2130	0
2131	6
2132	0
2133	0
2134	5
2135	2
2136	0
2137	0
2138	0
2139	0
2140	0
2141	0
2142	7
2143	0
2144	0
2145	4
2146	2
2147	7
2148	4
2149	4
2150	7
2151	1
2152	0
2153	5
2154	1
2155	4
2156	7
2157	6
2158	4
2159	0
2160	7
2161	6
2162	0
2163	7
2164	0
2165	7
2166	7
2167	4
2168	6
2169	7
2170	0
2171	6
2172	6
2173	6
2174	3
2175	5
2176	0
2177	0
2178	1
2179	0
2180	0
2181	0
2182	0
2183	7
2184	3
2185	5
2186	7
2187	7
2188	0
2189	1
2190	7
2191	7
2192	0
2193	0
2194	7
2195	0
2196	7
2197	7
2198	0
2199	0
2200	0
2201	0
2202	7
2203	0
2204	7
2205	0
2206	0
2207	0
2208	5
2209	0
2210	1
2211	7
2212	1
2213	0
2214	4
2215	5
2216	7
2217	0
2218	5
2219	6
2220	7
2221	0
2222	2
2223	0
2224	7
2225	0
2226	4
2227	6
2228	0
2229	0
2230	0
2231	7
2232	0
2233	7
2234	7
2235	7
2236	7
2237	0
2238	7
2239	0
2240	1
2241	1
2242	4
2243	0
2244	1
2245	0
2246	0
2247	7
2248	6
2249	0
2250	7
2251	1
2252	4
2253	7
2254	6
2255	7
2256	0
2257	0
2258	3
2259	0
2260	0
2261	7
2262	1
2263	7
2264	0
2265	6
2266	0
2267	1
2268	2
2269	0
2270	4
2271	6
2272	7
2273	3
2274	0
2275	7
2276	7
2277	1
2278	0
2279	7
2280	7
2281	6
2282	7
2283	1
2284	7
2285	7
2286	7
2287	7
2288	6
2289	7
2290	7
2291	0
2292	2
2293	3
2294	0
2295	1
2296	0
2297	0
2298	0
2299	0
2300	0
2301	0
2302	1
2303	0
2304	7
2305	0
2306	6
2307	0
2308	0
2309	7
2310	0
2311	0
2312	7
2313	1
2314	3
2315	1
2316	5
2317	1
2318	7
2319	7
2320	0
2321	7
2322	0
2323	0
2324	0
2325	7
2326	0
2327	0
2328	0
2329	0
2330	0
2331	0
2332	0
2333	7
2334	7
2335	7
2336	7
2337	7
2338	7
2339	2
2340	7
2341	6
2342	7
2343	7
2344	0
2345	0
2346	1
2347	7
2348	6
2349	7
2350	0
2351	5
2352	5
2353	1
2354	1
2355	7
2356	7
2357	7
2358	7
2359	0
2360	7
2361	0
2362	2
2363	2
2364	6
2365	7
2366	7
2367	6
2368	7
2369	0
2370	7
2371	6
2372	0
2373	1
2374	3
2375	7
2376	0
2377	4
2378	0
2379	0
2380	7
2381	7
2382	0
2383	0
2384	4
2385	0
2386	7
2387	3
2388	0
2389	0
2390	3
2391	0
2392	6
2393	7
2394	2
2395	7
2396	1
2397	0
2398	0
2399	3
2400	1
2401	0
2402	7
2403	2
2404	0
2405	0
2406	7
2407	0
2408	7
2409	0
2410	7
2411	6
2412	0
2413	7
2414	0
2415	0
2416	7
2417	7
2418	0
2419	7
2420	5
2421	7
2422	7
2423	5
2424	4
2425	6
2426	7
2427	6
2428	1
2429	7
2430	6
2431	6
2432	0
2433	0
2434	7
2435	7
2436	4
2437	0
2438	7
2439	7
2440	0
2441	7
2442	0
2443	2
2444	7
2445	0
2446	7
2447	7
2448	0
2449	7
2450	4
2451	7
2452	0
2453	5
2454	0
2455	0
2456	7
2457	0
2458	7
2459	0
2460	0
2461	0
2462	7
2463	7
2464	0
2465	0
2466	0
2467	7
2468	2
2469	0
2470	0
2471	0
2472	0
2473	0
2474	0
2475	0
2476	0
2477	0
2478	0
2479	0
2480	7
2481	0
2482	0
2483	0
2484	2
2485	0
2486	0
2487	7
2488	5
2489	0
2490	5
2491	7
2492	7
2493	0
2494	7
2495	7
2496	0
2497	0
2498	7
2499	0
2500	0
2501	0
2502	7
2503	0
2504	3
2505	0
2506	0
2507	7
2508	2
2509	7
2510	3
2511	7
2512	7
2513	7
2514	7
2515	7
2516	7
2517	7
2518	7
2519	7
2520	7
2521	7
2522	7
2523	7
2524	7
2525	0
2526	7
2527	7
2528	0
2529	0
2530	0
2531	0
2532	7
2533	7
2534	7
2535	7
2536	0
2537	6
2538	1
2539	0
2540	0
2541	0
2542	0
2543	0
2544	0
2545	0
2546	0
2547	7
2548	4
2549	0
2550	4
2551	0
2552	3
2553	0
2554	0
2555	7
2556	0
2557	0
2558	6
2559	0
2560	7
2561	7
2562	2
2563	7
2564	5
2565	1
2566	7
2567	7
2568	0
2569	2
2570	0
2571	5
2572	0
2573	0
2574	4
2575	0
2576	0
2577	3
2578	7
2579	7
2580	7
2581	1
2582	0
2583	0
2584	7
2585	6
2586	0
2587	6
2588	7
2589	7
2590	7
2591	2
2592	0
2593	0
2594	3
2595	1
2596	0
2597	0
2598	0
2599	0
2600	0
2601	0
2602	7
2603	7
2604	0
2605	7
2606	7
2607	0
2608	4
2609	7
2610	0
2611	0
2612	5
2613	0
2614	0
2615	2
2616	7
2617	0
2618	1
2619	0
2620	6
2621	7
2622	7
2623	2
2624	7
2625	6
2626	0
2627	0
2628	0
2629	0
2630	0
2631	0
2632	0
2633	0
2634	0
2635	0
2636	1
2637	0
2638	0
2639	7
2640	7
2641	5
2642	1
2643	5
2644	0
2645	5
2646	7
2647	4
2648	0
2649	2
2650	0
2651	0
2652	0
2653	1
2654	0
2655	0
2656	7
2657	2
2658	7
2659	0
2660	6
2661	4
2662	7
2663	3
2664	0
2665	0
2666	0
2667	0
2668	4
2669	7
2670	0
2671	0
2672	0
2673	2
2674	7
2675	1
2676	6
2677	0
2678	6
2679	0
2680	7
2681	7
2682	7
2683	6
2684	0
2685	7
2686	0
2687	2
2688	3
2689	0
2690	1
2691	3
2692	1
2693	7
2694	7
2695	5
2696	6
2697	7
2698	7
2699	7
2700	7
2701	0
2702	7
2703	7
2704	2
2705	0
2706	5
2707	2
2708	0
2709	7
2710	0
2711	7
2712	7
2713	7
2714	0
2715	7
2716	7
2717	7
2718	7
2719	7
2720	7
2721	7
2722	6
2723	7
2724	7
2725	0
2726	7
2727	6
2728	7
2729	0
2730	0
2731	0
2732	7
2733	2
2734	2
2735	0
2736	2
2737	7
2738	7
2739	5
2740	7
2741	0
2742	0
2743	0
2744	4
2745	7
2746	0
2747	0
2748	7
2749	0
2750	7
2751	7
2752	7
2753	7
2754	1
2755	0
2756	2
2757	0
2758	0
2759	0
2760	0
2761	7
2762	7
2763	0
2764	7
2765	7
2766	0
2767	7
2768	0
2769	0
2770	0
2771	0
2772	0
2773	0
2774	1
2775	7
2776	7
2777	3
2778	7
2779	2
2780	5
2781	0
2782	7
2783	0
2784	7
2785	5
2786	0
2787	0
2788	1
2789	7
2790	4
2791	2
2792	7
2793	7
2794	7
2795	7
2796	7
2797	1
2798	2
2799	6
2800	2
2801	7
2802	0
2803	0
2804	2
2805	6
2806	7
2807	7
2808	7
2809	7
2810	7
2811	7
2812	7
2813	7
2814	7
2815	7
2816	7
2817	7
2818	7
2819	7
2820	7
2821	7
2822	7
2823	7
2824	7
2825	7
2826	7
2827	7
2828	7
2829	7
2830	7
2831	7
2832	6
2833	1
2834	7
2835	7
2836	7
2837	4
2838	7
2839	7
2840	0
2841	3
2842	0
2843	0
2844	0
2845	0
2846	0
2847	0
2848	7
2849	0
2850	0
2851	0
2852	7
2853	7
2854	0
2855	2
2856	7
2857	0
2858	5
2859	2
2860	7
2861	6
2862	0
2863	7
2864	0
2865	1
2866	0
2867	3
2868	1
2869	2
2870	0
2871	2
2872	0
2873	0
2874	0
2875	7
2876	7
2877	7
2878	7
2879	7
2880	0
2881	7
2882	2
2883	0
2884	7
2885	7
2886	7
2887	7
2888	0
2889	0
2890	1
2891	0
2892	7
2893	6
2894	0
2895	0
2896	0
2897	0
2898	0
2899	0
2900	0
2901	7
2902	0
2903	1
2904	0
2905	7
2906	0
2907	0
2908	0
2909	0
2910	0
2911	0
2912	7
2913	7
2914	1
2915	7
2916	1
2917	7
2918	7
2919	7
2920	7
2921	4
2922	0
2923	7
2924	0
2925	7
2926	6
2927	0
2928	7
2929	1
2930	7
2931	6
2932	6
2933	7
2934	7
2935	7
2936	7
2937	6
2938	5
2939	7
2940	7
2941	5
2942	7
2943	7
2944	7
2945	7
2946	7
2947	0
2948	7
2949	0
2950	0
2951	0
2952	0
2953	1
2954	1
2955	0
2956	5
2957	1
2958	0
2959	7
2960	6
2961	2
2962	0
2963	0
2964	0
2965	0
2966	0
2967	0
2968	7
2969	0
2970	1
2971	0
2972	6
2973	7
2974	0
2975	0
2976	0
2977	7
2978	1
2979	0
2980	0
2981	1
2982	0
2983	2
2984	7
2985	0
2986	7
2987	0
2988	0
2989	0
2990	0
2991	0
2992	0
2993	0
2994	0
2995	7
2996	2
2997	0
2998	7
2999	1
3000	5
3001	6
3002	0
3003	0
3004	5
3005	0
3006	6
3007	7
3008	2
3009	7
3010	7
3011	1
3012	7
3013	4
3014	0
3015	4
3016	7
3017	7
3018	4
3019	7
3020	7
3021	7
3022	7
3023	4
3024	7
3025	0
3026	7
3027	0
3028	7
3029	7
3030	3
3031	0
3032	0
3033	0
3034	7
3035	0
3036	4
3037	4
3038	7
3039	0
3040	5
3041	0
3042	0
3043	0
3044	3
3045	6
3046	0
3047	0
3048	1
3049	1
3050	0
3051	2
3052	3
3053	0
3054	7
3055	7
3056	7
3057	0
3058	7
3059	4
3060	7
3061	0
3062	2
3063	0
3064	7
3065	7
3066	0
3067	7
3068	4
3069	0
3070	0
3071	1
3072	6
3073	0
3074	2
3075	3
3076	3
3077	0
3078	7
3079	7
3080	7
3081	0
3082	0
3083	0
3084	2
3085	7
3086	3
3087	4
3088	0
3089	0
3090	7
3091	0
3092	0
3093	7
3094	0
3095	0
3096	6
3097	7
3098	0
3099	7
3100	1
3101	1
3102	0
3103	7
3104	2
3105	7
3106	7
3107	7
3108	0
3109	6
3110	7
3111	7
3112	2
3113	7
3114	6
3115	0
3116	7
3117	5
3118	2
3119	7
3120	0
3121	0
3122	7
3123	0
3124	4
3125	0
3126	0
3127	7
3128	4
3129	6
3130	0
3131	2
3132	7
3133	1
3134	6
3135	0
3136	0
3137	0
3138	0
3139	0
3140	7
3141	2
3142	0
3143	6
3144	7
3145	7
3146	7
3147	3
3148	7
3149	7
3150	0
3151	7
3152	5
3153	0
3154	7
3155	7
3156	7
3157	4
3158	0
3159	0
3160	0
3161	7
3162	6
3163	0
3164	7
3165	7
3166	7
3167	7
3168	0
3169	6
3170	7
3171	6
3172	4
3173	7
3174	7
3175	6
3176	7
3177	7
3178	5
3179	7
3180	7
3181	7
3182	7
3183	5
3184	3
3185	7
3186	0
3187	0
3188	0
3189	0
3190	0
3191	0
3192	0
3193	4
3194	3
3195	0
3196	0
3197	0
3198	0
3199	0
3200	0
3201	7
3202	7
3203	6
3204	0
3205	0
3206	0
3207	4
3208	0
3209	4
3210	4
3211	5
3212	0
3213	0
3214	3
3215	7
3216	7
3217	0
3218	0
3219	7
3220	7
3221	7
3222	4
3223	7
3224	7
3225	7
3226	7
3227	4
3228	0
3229	7
3230	7
3231	7
3232	7
3233	0
3234	0
3235	0
3236	0
3237	3
3238	1
3239	0
3240	0
3241	7
3242	0
3243	7
3244	7
3245	0
3246	7
3247	7
3248	7
3249	0
3250	6
3251	7
3252	0
3253	0
3254	2
3255	0
3256	7
3257	0
3258	0
3259	7
3260	7
3261	1
3262	0
3263	0
3264	3
3265	0
3266	0
3267	1
3268	0
3269	0
3270	0
3271	7
3272	7
3273	0
3274	0
3275	4
3276	6
3277	1
3278	1
3279	4
3280	7
3281	2
3282	0
3283	0
3284	0
3285	5
3286	0
3287	7
3288	0
3289	0
3290	0
3291	3
3292	7
3293	1
3294	3
3295	7
3296	0
3297	7
3298	0
3299	2
3300	0
3301	2
3302	6
3303	1
3304	0
3305	2
3306	7
3307	6
3308	0
3309	7
3310	4
3311	7
3312	0
3313	4
3314	7
3315	6
3316	2
3317	2
3318	1
3319	0
3320	0
3321	0
3322	0
3323	0
3324	6
3325	0
3326	6
3327	1
3328	0
3329	0
3330	7
3331	7
3332	7
3333	0
3334	0
3335	0
3336	0
3337	5
3338	0
3339	7
3340	0
3341	0
3342	0
3343	0
3344	0
3345	0
3346	0
3347	0
3348	7
3349	4
3350	0
3351	4
3352	0
3353	0
3354	0
3355	0
3356	0
3357	7
3358	0
3359	0
3360	3
3361	1
3362	7
3363	0
3364	0
3365	0
3366	6
3367	0
3368	6
3369	7
3370	6
3371	7
3372	0
3373	6
3374	7
3375	0
3376	2
3377	7
3378	0
3379	0
3380	0
3381	0
3382	0
3383	7
3384	6
3385	0
3386	7
3387	1
3388	4
3389	6
3390	7
3391	2
3392	4
3393	0
3394	7
3395	0
3396	7
3397	0
3398	6
3399	4
3400	7
3401	7
3402	7
3403	7
3404	2
3405	3
3406	0
3407	7
3408	7
3409	0
3410	0
3411	7
3412	7
3413	0
3414	3
3415	0
3416	3
3417	0
3418	1
3419	0
3420	1
3421	1
3422	0
3423	1
3424	0
3425	7
3426	7
3427	1
3428	0
3429	7
3430	7
3431	1
3432	7
3433	7
3434	7
3435	0
3436	0
3437	0
3438	7
3439	1
3440	7
3441	7
3442	7
3443	0
3444	7
3445	5
3446	0
3447	7
3448	7
3449	6
3450	6
3451	7
3452	7
3453	7
3454	2
3455	7
3456	7
3457	6
3458	0
3459	7
3460	7
3461	0
3462	0
3463	0
3464	0
3465	0
3466	7
3467	7
3468	0
3469	0
3470	0
3471	0
3472	0
3473	0
3474	0
3475	0
3476	0
3477	7
3478	0
3479	0
3480	5
3481	0
3482	0
3483	0
3484	0
3485	0
3486	7
3487	0
3488	7
3489	1
3490	7
3491	7
3492	4
3493	7
3494	0
3495	7
3496	0
3497	7
3498	7
3499	7
3500	0
3501	7
3502	4
3503	7
3504	0
3505	7
3506	0
3507	7
3508	0
3509	7
3510	1
3511	7
3512	7
3513	2
3514	7
3515	0
3516	2
3517	5
3518	0
3519	7
3520	4
3521	0
3522	2
3523	3
3524	1
3525	1
3526	0
3527	0
3528	0
3529	7
3530	0
3531	0
3532	6
3533	0
3534	6
3535	1
3536	7
3537	0
3538	0
3539	0
3540	3
3541	0
3542	0
3543	1
3544	7
3545	0
3546	7
3547	6
3548	7
3549	7
3550	1
3551	1
3552	0
3553	0
3554	1
3555	0
3556	0
3557	0
3558	1
3559	6
3560	1
3561	0
3562	0
3563	0
3564	0
3565	6
3566	0
3567	7
3568	7
3569	0
3570	7
3571	7
3572	0
3573	7
3574	0
3575	7
3576	2
3577	0
3578	7
3579	7
3580	0
3581	7
3582	0
3583	7
3584	0
3585	5
3586	1
3587	1
3588	1
3589	7
3590	0
3591	7
3592	3
3593	7
3594	7
3595	7
3596	0
3597	5
3598	7
3599	0
3600	4
3601	2
3602	0
3603	1
3604	7
3605	0
3606	0
3607	0
3608	7
3609	5
3610	0
3611	6
3612	7
3613	0
3614	0
3615	7
3616	7
3617	0
3618	7
3619	0
3620	2
3621	7
3622	0
3623	7
3624	0
3625	7
3626	0
3627	3
3628	0
3629	4
3630	0
3631	5
3632	0
3633	0
3634	6
3635	0
3636	6
3637	0
3638	0
3639	0
3640	0
3641	0
3642	0
3643	0
3644	7
3645	0
3646	7
3647	1
3648	0
3649	7
3650	7
3651	0
3652	0
3653	7
3654	0
3655	7
3656	1
3657	2
3658	7
3659	1
3660	7
3661	0
3662	0
3663	3
3664	6
3665	0
3666	7
3667	6
3668	0
3669	1
3670	0
3671	0
3672	7
3673	0
3674	0
3675	0
3676	0
3677	0
3678	0
3679	1
3680	0
3681	7
3682	7
3683	7
3684	7
3685	7
3686	0
3687	0
3688	7
3689	0
3690	0
3691	0
3692	4
3693	0
3694	0
3695	0
3696	4
3697	0
3698	0
3699	0
3700	0
3701	7
3702	0
3703	1
3704	0
3705	7
3706	4
3707	7
3708	7
3709	6
3710	7
3711	0
3712	0
3713	0
3714	0
3715	6
3716	7
3717	1
3718	7
3719	3
3720	0
3721	7
3722	1
3723	7
3724	0
3725	0
3726	0
3727	0
3728	0
3729	0
3730	0
3731	0
3732	0
3733	2
3734	0
3735	0
3736	0
3737	6
3738	7
3739	7
3740	0
3741	7
3742	7
3743	7
3744	7
3745	7
3746	0
3747	7
3748	0
3749	3
3750	7
3751	7
3752	3
3753	0
3754	7
3755	0
3756	7
3757	7
3758	0
3759	7
3760	0
3761	0
3762	0
3763	0
3764	2
3765	0
3766	0
3767	6
3768	5
3769	0
3770	0
3771	2
3772	6
3773	0
3774	0
3775	5
3776	0
3777	0
3778	0
3779	2
3780	0
3781	0
3782	4
3783	7
3784	7
3785	0
3786	7
3787	0
3788	1
3789	3
3790	0
3791	7
3792	0
3793	0
3794	0
3795	0
3796	0
3797	0
3798	1
3799	0
3800	0
3801	7
3802	7
3803	5
3804	7
3805	7
3806	1
3807	7
3808	5
3809	7
3810	6
3811	7
3812	0
3813	7
3814	7
3815	3
3816	5
3817	1
3818	1
3819	0
3820	0
3821	0
3822	0
3823	0
3824	0
3825	0
3826	0
3827	0
3828	7
3829	0
3830	7
3831	7
3832	3
3833	0
3834	7
3835	6
3836	5
3837	7
3838	0
3839	7
3840	3
3841	0
3842	3
3843	0
3844	7
3845	1
3846	0
3847	0
3848	1
3849	7
3850	7
3851	7
3852	7
3853	2
3854	7
3855	7
3856	5
3857	7
3858	0
3859	7
3860	0
3861	6
3862	6
3863	2
3864	0
3865	7
3866	7
3867	7
3868	6
3869	7
3870	7
3871	7
3872	0
3873	0
3874	0
3875	0
3876	2
3877	4
3878	0
3879	0
3880	7
3881	7
3882	0
3883	0
3884	0
3885	0
3886	7
3887	0
3888	7
3889	0
3890	0
3891	0
3892	6
3893	0
3894	2
3895	7
3896	0
3897	2
3898	7
3899	5
3900	7
3901	0
3902	7
3903	7
3904	7
3905	7
3906	7
3907	0
3908	7
3909	5
3910	7
3911	7
3912	4
3913	1
3914	6
3915	0
3916	7
3917	6
3918	6
3919	1
3920	6
3921	7
3922	7
3923	7
3924	7
3925	6
3926	0
3927	0
3928	7
3929	5
3930	6
3931	1
3932	7
3933	6
3934	0
3935	1
3936	7
3937	0
3938	7
3939	7
3940	0
3941	0
3942	0
3943	7
3944	0
3945	0
3946	1
3947	0
3948	0
3949	7
3950	7
3951	7
3952	7
3953	0
3954	0
3955	0
3956	7
3957	0
3958	0
3959	7
3960	0
3961	0
3962	0
3963	0
3964	7
3965	0
3966	5
3967	0
3968	0
3969	7
3970	7
3971	0
3972	0
3973	0
3974	0
3975	7
3976	0
3977	0
3978	0
3979	7
3980	7
3981	0
3982	0
3983	7
3984	0
3985	0
3986	7
3987	0
3988	0
3989	0
3990	0
3991	0
3992	7
3993	0
3994	6
3995	0
3996	2
3997	3
3998	7
3999	7
4000	4
4001	0
4002	7
4003	7
4004	7
4005	7
4006	7
4007	7
4008	0
4009	6
4010	7
4011	0
4012	7
4013	7
4014	7
4015	3
4016	2
4017	7
4018	0
4019	0
4020	7
4021	7
4022	0
4023	0
4024	7
4025	7
4026	7
4027	0
4028	7
4029	5
4030	7
4031	7
4032	0
4033	7
4034	0
4035	0
4036	0
4037	0
4038	0
4039	7
4040	0
4041	0
4042	7
4043	7
4044	0
4045	0
4046	6
4047	1
4048	0
4049	3
4050	0
4051	6
4052	6
4053	6
4054	5
4055	7
4056	0
4057	1
4058	0
4059	0
4060	3
4061	0
4062	0
4063	0
4064	7
4065	0
4066	0
4067	7
4068	0
4069	7
4070	5
4071	0
4072	6
4073	1
4074	7
4075	0
4076	7
4077	7
4078	2
4079	7
4080	7
4081	7
4082	1
4083	7
4084	0
4085	7
4086	7
4087	7
4088	7
4089	0
4090	7
4091	6
4092	0
4093	0
4094	0
4095	1
