COMMAND
./sim gshare 10 4 traces/gcc_trace.txt 
OUTPUT
number of predictions:		2000000
number of mispredictions:	359918
misprediction rate:		18.00%
FINAL GSHARE CONTENTS
0	6
1	7
2	0
3	7
4	4
5	5
6	7
7	4
8	7
9	1
10	0
11	7
12	0
13	0
14	7
15	7
16	5
17	7
18	5
19	0
20	6
21	0
22	5
23	0
24	6
25	7
26	0
27	7
28	0
29	7
30	3
31	6
32	7
33	7
34	7
35	7
36	0
37	2
38	0
39	6
40	0
41	3
42	0
43	0
44	7
45	0
46	7
47	7
48	7
49	7
50	7
51	0
52	1
53	7
54	2
55	5
56	0
57	0
58	0
59	3
60	3
61	7
62	5
63	0
64	7
65	7
66	1
67	7
68	0
69	2
70	0
71	0
72	0
73	5
74	6
75	7
76	0
77	1
78	7
79	7
80	0
81	0
82	0
83	4
84	5
85	0
86	0
87	3
88	7
89	0
90	7
91	0
92	7
93	0
94	1
95	7
96	0
97	3
98	4
99	7
100	0
101	7
102	7
103	2
104	0
105	6
106	7
107	4
108	7
109	6
110	4
111	0
112	0
113	7
114	1
115	7
116	0
117	1
118	7
119	0
120	2
121	1
122	0
123	7
124	2
125	0
126	0
127	0
128	0
129	0
130	1
131	0
132	0
133	0
134	0
135	7
136	1
137	5
138	7
139	7
140	7
141	1
142	7
143	7
144	3
145	0
146	2
147	7
148	7
149	0
150	0
151	0
152	0
153	0
154	7
155	0
156	0
157	7
158	7
159	4
160	4
161	2
162	0
163	7
164	1
165	0
166	1
167	0
168	7
169	6
170	6
171	0
172	7
173	0
174	3
175	0
176	7
177	0
178	6
179	6
180	0
181	0
182	0
183	0
184	7
185	0
186	0
187	7
188	7
189	0
190	7
191	1
192	0
193	0
194	4
195	1
196	0
197	0
198	0
199	4
200	0
201	0
202	7
203	0
204	7
205	0
206	2
207	0
208	6
209	4
210	7
211	7
212	0
213	5
214	0
215	7
216	0
217	7
218	2
219	0
220	0
221	1
222	0
223	0
224	7
225	7
226	0
227	0
228	1
229	7
230	7
231	1
232	0
233	0
234	1
235	0
236	2
237	7
238	7
239	7
240	0
241	7
242	7
243	6
244	7
245	5
246	0
247	0
248	0
249	0
250	0
251	0
252	0
253	0
254	0
255	1
256	7
257	0
258	6
259	1
260	0
261	7
262	0
263	2
264	7
265	3
266	7
267	7
268	5
269	1
270	4
271	6
272	0
273	1
274	0
275	0
276	0
277	7
278	0
279	0
280	0
281	0
282	0
283	0
284	0
285	7
286	0
287	7
288	7
289	6
290	0
291	0
292	0
293	0
294	7
295	0
296	0
297	6
298	6
299	2
300	6
301	0
302	7
303	2
304	5
305	5
306	1
307	0
308	0
309	0
310	0
311	4
312	7
313	0
314	0
315	6
316	5
317	0
318	7
319	0
320	0
321	1
322	7
323	0
324	7
325	0
326	0
327	0
328	7
329	7
330	7
331	7
332	7
333	3
334	0
335	7
336	4
337	0
338	4
339	0
340	6
341	0
342	0
343	7
344	2
345	0
346	1
347	0
348	1
349	1
350	0
351	1
352	0
353	7
354	7
355	0
356	0
357	0
358	7
359	7
360	0
361	5
362	6
363	0
364	0
365	0
366	0
367	0
368	7
369	0
370	0
371	0
372	5
373	0
374	7
375	7
376	6
377	0
378	5
379	0
380	1
381	0
382	0
383	0
384	0
385	3
386	7
387	0
388	7
389	7
390	0
391	0
392	0
393	0
394	7
395	7
396	2
397	0
398	0
399	0
400	0
401	0
402	0
403	0
404	0
405	7
406	0
407	0
408	1
409	0
410	0
411	1
412	0
413	7
414	2
415	5
416	7
417	7
418	3
419	7
420	4
421	7
422	0
423	0
424	0
425	2
426	7
427	0
428	0
429	0
430	0
431	7
432	7
433	7
434	7
435	2
436	0
437	7
438	3
439	7
440	7
441	0
442	5
443	6
444	2
445	0
446	7
447	6
448	0
449	0
450	7
451	0
452	0
453	0
454	3
455	0
456	0
457	0
458	1
459	7
460	6
461	5
462	6
463	7
464	7
465	4
466	7
467	7
468	7
469	7
470	6
471	7
472	0
473	6
474	1
475	7
476	7
477	0
478	7
479	7
480	0
481	7
482	7
483	0
484	1
485	0
486	4
487	6
488	0
489	6
490	0
491	0
492	0
493	0
494	0
495	0
496	7
497	0
498	7
499	1
500	0
501	0
502	0
503	3
504	0
505	0
506	0
507	1
508	0
509	0
510	0
511	0
512	0
513	7
514	1
515	1
516	7
517	6
518	7
519	7
520	5
521	7
522	7
523	7
524	2
525	5
526	4
527	7
528	0
529	0
530	0
531	0
532	7
533	4
534	7
535	7
536	0
537	3
538	0
539	0
540	1
541	1
542	1
543	7
544	0
545	0
546	5
547	0
548	0
549	1
550	1
551	1
552	0
553	7
554	0
555	0
556	0
557	0
558	1
559	7
560	5
561	0
562	6
563	0
564	2
565	0
566	0
567	1
568	0
569	7
570	2
571	0
572	6
573	0
574	7
575	7
576	7
577	7
578	7
579	0
580	0
581	0
582	0
583	0
584	0
585	2
586	0
587	0
588	1
589	0
590	0
591	5
592	2
593	0
594	7
595	6
596	0
597	4
598	0
599	0
600	7
601	7
602	0
603	0
604	0
605	0
606	0
607	1
608	7
609	7
610	7
611	0
612	6
613	6
614	3
615	0
616	1
617	0
618	0
619	0
620	4
621	7
622	0
623	0
624	4
625	1
626	2
627	1
628	0
629	6
630	0
631	0
632	7
633	7
634	0
635	0
636	0
637	7
638	0
639	0
640	0
641	0
642	0
643	6
644	7
645	2
646	7
647	0
648	0
649	5
650	6
651	7
652	0
653	7
654	0
655	1
656	1
657	0
658	0
659	0
660	0
661	0
662	0
663	3
664	2
665	6
666	7
667	7
668	1
669	7
670	7
671	7
672	7
673	7
674	6
675	7
676	3
677	7
678	7
679	7
680	7
681	0
682	7
683	0
684	7
685	7
686	0
687	6
688	6
689	0
690	7
691	5
692	1
693	0
694	7
695	0
696	7
697	1
698	0
699	0
700	6
701	0
702	1
703	7
704	3
705	7
706	0
707	6
708	0
709	0
710	0
711	7
712	7
713	4
714	7
715	6
716	0
717	7
718	0
719	7
720	0
721	0
722	0
723	0
724	0
725	0
726	2
727	7
728	7
729	3
730	6
731	2
732	7
733	1
734	0
735	0
736	7
737	7
738	6
739	2
740	0
741	7
742	7
743	2
744	7
745	0
746	7
747	5
748	0
749	2
750	7
751	3
752	0
753	7
754	0
755	0
756	7
757	6
758	7
759	7
760	7
761	7
762	7
763	7
764	6
765	7
766	4
767	7
768	7
769	7
770	7
771	1
772	4
773	3
774	5
775	0
776	7
777	5
778	7
779	6
780	7
781	7
782	4
783	7
784	6
785	7
786	0
787	7
788	0
789	4
790	7
791	7
792	0
793	7
794	0
795	0
796	2
797	4
798	0
799	6
800	2
801	0
802	0
803	0
804	7
805	5
806	0
807	1
808	7
809	0
810	7
811	0
812	7
813	0
814	7
815	0
816	1
817	1
818	5
819	7
820	0
821	0
822	0
823	2
824	0
825	2
826	7
827	6
828	7
829	7
830	7
831	7
832	7
833	4
834	7
835	0
836	7
837	7
838	7
839	7
840	3
841	1
842	7
843	0
844	7
845	6
846	2
847	0
848	6
849	0
850	7
851	4
852	6
853	4
854	0
855	4
856	7
857	7
858	0
859	1
860	6
861	2
862	0
863	3
864	5
865	0
866	0
867	0
868	1
869	7
870	0
871	7
872	0
873	0
874	0
875	7
876	0
877	0
878	7
879	0
880	0
881	7
882	5
883	5
884	7
885	5
886	6
887	1
888	7
889	0
890	0
891	0
892	7
893	0
894	7
895	7
896	7
897	7
898	7
899	0
900	0
901	0
902	0
903	7
904	0
905	0
906	0
907	6
908	7
909	7
910	0
911	7
912	5
913	0
914	6
915	0
916	0
917	0
918	0
919	0
920	7
921	0
922	6
923	0
924	2
925	7
926	7
927	7
928	6
929	1
930	7
931	6
932	7
933	7
934	7
935	7
936	1
937	0
938	6
939	0
940	6
941	5
942	0
943	0
944	7
945	7
946	7
947	2
948	0
949	7
950	1
951	0
952	7
953	7
954	7
955	1
956	7
957	0
958	0
959	7
960	0
961	7
962	0
963	0
964	0
965	0
966	0
967	7
968	7
969	7
970	0
971	7
972	0
973	0
974	4
975	0
976	7
977	0
978	4
979	0
980	6
981	7
982	5
983	1
984	0
985	1
986	0
987	3
988	0
989	0
990	0
991	5
992	6
993	0
994	0
995	0
996	0
997	7
998	0
999	7
1000	7
1001	7
1002	0
1003	0
1004	7
1005	0
1006	0
1007	7
1008	7
1009	7
1010	6
1011	7
1012	7
1013	7
1014	7
1015	0
1016	7
1017	6
1018	7
1019	7
1020	0
1021	6
1022	0
1023	6
