COMMAND
./sim gshare 12 8 traces/gcc_trace.txt 
OUTPUT
number of predictions:		2000000
number of mispredictions:	303235
misprediction rate:		15.16%
FINAL GSHARE CONTENTS
0	0
1	0
2	5
3	7
4	0
5	7
6	0
7	7
8	0
9	0
10	1
11	0
12	1
13	0
14	3
15	0
16	7
17	7
18	2
19	0
20	7
21	4
22	0
23	0
24	0
25	7
26	0
27	0
28	5
29	7
30	7
31	0
32	0
33	7
34	4
35	0
36	0
37	0
38	0
39	7
40	0
41	0
42	7
43	7
44	2
45	0
46	7
47	0
48	0
49	0
50	7
51	7
52	0
53	0
54	0
55	0
56	0
57	5
58	0
59	0
60	7
61	0
62	0
63	0
64	7
65	7
66	0
67	0
68	6
69	7
70	6
71	0
72	3
73	0
74	7
75	7
76	0
77	7
78	7
79	7
80	0
81	0
82	0
83	1
84	7
85	7
86	7
87	7
88	0
89	0
90	0
91	2
92	3
93	0
94	7
95	1
96	2
97	1
98	1
99	7
100	2
101	0
102	0
103	0
104	2
105	6
106	7
107	7
108	7
109	0
110	3
111	7
112	0
113	7
114	0
115	7
116	0
117	3
118	0
119	0
120	4
121	2
122	3
123	0
124	0
125	0
126	1
127	0
128	5
129	0
130	0
131	0
132	7
133	0
134	7
135	0
136	0
137	0
138	0
139	3
140	7
141	7
142	0
143	7
144	0
145	0
146	2
147	4
148	0
149	4
150	0
151	3
152	6
153	7
154	3
155	7
156	0
157	7
158	0
159	7
160	0
161	7
162	0
163	0
164	0
165	7
166	2
167	0
168	0
169	0
170	0
171	6
172	0
173	1
174	6
175	7
176	0
177	0
178	4
179	7
180	7
181	7
182	0
183	0
184	7
185	0
186	0
187	0
188	7
189	2
190	7
191	1
192	7
193	0
194	0
195	0
196	7
197	6
198	7
199	0
200	1
201	0
202	6
203	6
204	0
205	7
206	5
207	7
208	7
209	0
210	6
211	1
212	0
213	7
214	0
215	0
216	0
217	0
218	1
219	7
220	0
221	0
222	7
223	0
224	2
225	7
226	0
227	0
228	0
229	1
230	2
231	0
232	7
233	0
234	1
235	0
236	0
237	0
238	7
239	0
240	7
241	0
242	0
243	0
244	7
245	7
246	0
247	7
248	7
249	2
250	2
251	7
252	7
253	0
254	7
255	7
256	6
257	7
258	7
259	0
260	7
261	7
262	0
263	0
264	0
265	7
266	0
267	7
268	1
269	4
270	0
271	0
272	7
273	5
274	6
275	4
276	0
277	1
278	1
279	2
280	7
281	7
282	7
283	7
284	7
285	7
286	0
287	0
288	2
289	7
290	7
291	7
292	7
293	7
294	0
295	7
296	0
297	7
298	7
299	6
300	0
301	7
302	6
303	0
304	7
305	7
306	7
307	7
308	3
309	0
310	7
311	7
312	7
313	7
314	3
315	7
316	7
317	6
318	7
319	0
320	7
321	0
322	0
323	1
324	0
325	0
326	0
327	0
328	0
329	0
330	6
331	1
332	6
333	4
334	7
335	0
336	3
337	0
338	0
339	2
340	7
341	0
342	0
343	0
344	5
345	0
346	0
347	4
348	0
349	4
350	1
351	7
352	7
353	0
354	7
355	0
356	0
357	4
358	0
359	0
360	0
361	0
362	6
363	0
364	6
365	0
366	7
367	7
368	0
369	0
370	1
371	0
372	0
373	0
374	0
375	0
376	3
377	7
378	7
379	7
380	5
381	1
382	0
383	0
384	6
385	0
386	7
387	3
388	6
389	6
390	0
391	6
392	7
393	0
394	7
395	7
396	7
397	7
398	6
399	0
400	0
401	7
402	2
403	7
404	7
405	0
406	0
407	7
408	7
409	7
410	7
411	7
412	7
413	7
414	6
415	7
416	0
417	0
418	0
419	0
420	7
421	0
422	7
423	7
424	7
425	7
426	0
427	6
428	7
429	4
430	7
431	7
432	0
433	7
434	7
435	7
436	0
437	0
438	0
439	0
440	6
441	7
442	7
443	7
444	7
445	7
446	0
447	4
448	7
449	7
450	0
451	7
452	3
453	0
454	0
455	0
456	0
457	0
458	0
459	7
460	7
461	6
462	7
463	0
464	6
465	3
466	0
467	0
468	7
469	7
470	7
471	0
472	7
473	2
474	0
475	3
476	0
477	7
478	5
479	7
480	0
481	0
482	1
483	0
484	7
485	7
486	7
487	0
488	5
489	0
490	5
491	7
492	0
493	0
494	1
495	7
496	0
497	0
498	0
499	0
500	0
501	0
502	0
503	7
504	0
505	0
506	0
507	0
508	7
509	0
510	7
511	7
512	7
513	7
514	7
515	7
516	7
517	7
518	6
519	0
520	0
521	0
522	7
523	7
524	4
525	3
526	0
527	7
528	0
529	0
530	0
531	0
532	0
533	0
534	0
535	7
536	0
537	7
538	0
539	2
540	0
541	0
542	0
543	7
544	0
545	0
546	6
547	0
548	0
549	0
550	0
551	7
552	7
553	0
554	6
555	0
556	3
557	0
558	0
559	7
560	7
561	7
562	7
563	7
564	1
565	0
566	1
567	7
568	0
569	7
570	7
571	6
572	1
573	2
574	2
575	0
576	6
577	0
578	4
579	7
580	7
581	7
582	6
583	6
584	7
585	3
586	7
587	7
588	7
589	0
590	7
591	3
592	0
593	0
594	0
595	1
596	6
597	0
598	3
599	6
600	7
601	7
602	7
603	6
604	7
605	7
606	6
607	2
608	0
609	0
610	4
611	7
612	7
613	5
614	5
615	0
616	0
617	1
618	7
619	0
620	2
621	6
622	6
623	0
624	0
625	7
626	0
627	7
628	7
629	0
630	7
631	1
632	0
633	7
634	7
635	0
636	7
637	0
638	0
639	0
640	0
641	0
642	0
643	2
644	0
645	7
646	0
647	0
648	0
649	7
650	0
651	0
652	0
653	7
654	1
655	0
656	5
657	0
658	1
659	4
660	7
661	0
662	7
663	0
664	0
665	3
666	1
667	5
668	7
669	7
670	7
671	3
672	0
673	0
674	7
675	7
676	7
677	6
678	5
679	7
680	7
681	0
682	7
683	0
684	0
685	7
686	0
687	7
688	5
689	0
690	7
691	0
692	0
693	7
694	4
695	0
696	0
697	7
698	0
699	3
700	7
701	2
702	0
703	0
704	0
705	0
706	7
707	7
708	7
709	7
710	0
711	7
712	7
713	7
714	7
715	0
716	4
717	7
718	7
719	7
720	7
721	1
722	3
723	0
724	7
725	0
726	7
727	7
728	0
729	6
730	7
731	7
732	7
733	6
734	7
735	7
736	7
737	7
738	7
739	7
740	0
741	7
742	5
743	7
744	6
745	7
746	7
747	4
748	3
749	2
750	7
751	7
752	0
753	1
754	7
755	7
756	6
757	7
758	7
759	7
760	0
761	7
762	0
763	7
764	7
765	2
766	7
767	7
768	7
769	7
770	0
771	0
772	6
773	7
774	6
775	7
776	0
777	0
778	0
779	1
780	0
781	0
782	7
783	6
784	1
785	4
786	0
787	3
788	7
789	4
790	6
791	7
792	0
793	5
794	0
795	6
796	7
797	0
798	7
799	7
800	0
801	0
802	7
803	4
804	0
805	0
806	7
807	7
808	2
809	0
810	7
811	3
812	7
813	1
814	1
815	7
816	6
817	7
818	5
819	7
820	6
821	0
822	2
823	3
824	0
825	0
826	0
827	0
828	7
829	2
830	7
831	6
832	0
833	7
834	0
835	0
836	0
837	0
838	0
839	0
840	0
841	0
842	7
843	0
844	7
845	0
846	7
847	5
848	4
849	7
850	7
851	1
852	1
853	0
854	6
855	2
856	0
857	0
858	6
859	0
860	2
861	1
862	3
863	0
864	7
865	6
866	0
867	7
868	0
869	0
870	7
871	3
872	7
873	7
874	7
875	0
876	7
877	7
878	7
879	7
880	0
881	7
882	0
883	0
884	7
885	1
886	7
887	6
888	4
889	0
890	0
891	6
892	0
893	0
894	0
895	6
896	1
897	0
898	0
899	7
900	0
901	7
902	7
903	0
904	3
905	2
906	1
907	0
908	7
909	7
910	0
911	7
912	7
913	4
914	1
915	1
916	7
917	7
918	7
919	3
920	7
921	0
922	5
923	2
924	1
925	6
926	7
927	7
928	7
929	5
930	7
931	7
932	6
933	0
934	0
935	0
936	7
937	0
938	1
939	0
940	7
941	7
942	7
943	7
944	3
945	7
946	0
947	6
948	4
949	0
950	0
951	3
952	0
953	6
954	0
955	2
956	0
957	7
958	0
959	7
960	0
961	5
962	7
963	0
964	7
965	2
966	7
967	0
968	2
969	7
970	4
971	0
972	0
973	7
974	7
975	2
976	7
977	7
978	4
979	0
980	7
981	7
982	0
983	0
984	7
985	5
986	1
987	0
988	7
989	7
990	5
991	0
992	7
993	6
994	7
995	0
996	0
997	7
998	0
999	6
1000	0
1001	2
1002	6
1003	6
1004	0
1005	5
1006	1
1007	7
1008	0
1009	7
1010	0
1011	3
1012	0
1013	2
1014	4
1015	2
1016	0
1017	7
1018	6
1019	0
1020	0
1021	7
1022	7
1023	7
1024	4
1025	7
1026	4
1027	0
1028	0
1029	3
1030	5
1031	0
1032	0
1033	0
1034	1
1035	0
1036	0
1037	3
1038	7
1039	3
1040	7
1041	6
1042	7
1043	5
1044	5
1045	0
1046	0
1047	4
1048	0
1049	3
1050	7
1051	0
1052	7
1053	2
1054	0
1055	1
1056	0
1057	0
1058	7
1059	7
1060	7
1061	1
1062	7
1063	4
1064	7
1065	7
1066	0
1067	0
1068	7
1069	7
1070	7
1071	0
1072	4
1073	0
1074	0
1075	0
1076	0
1077	7
1078	2
1079	0
1080	7
1081	7
1082	7
1083	7
1084	0
1085	0
1086	0
1087	0
1088	5
1089	0
1090	7
1091	7
1092	0
1093	7
1094	7
1095	7
1096	7
1097	0
1098	2
1099	7
1100	0
1101	0
1102	5
1103	7
1104	2
1105	1
1106	0
1107	6
1108	5
1109	7
1110	4
1111	7
1112	0
1113	4
1114	0
1115	7
1116	1
1117	6
1118	0
1119	6
1120	0
1121	1
1122	0
1123	7
1124	7
1125	7
1126	0
1127	1
1128	1
1129	6
1130	7
1131	7
1132	6
1133	0
1134	1
1135	0
1136	7
1137	6
1138	0
1139	0
1140	2
1141	1
1142	0
1143	0
1144	7
1145	2
1146	6
1147	0
1148	7
1149	7
1150	3
1151	4
1152	7
1153	7
1154	5
1155	7
1156	7
1157	7
1158	7
1159	7
1160	0
1161	0
1162	0
1163	4
1164	1
1165	0
1166	7
1167	7
1168	0
1169	1
1170	0
1171	0
1172	1
1173	7
1174	5
1175	6
1176	1
1177	7
1178	0
1179	7
1180	0
1181	7
1182	4
1183	5
1184	7
1185	7
1186	2
1187	7
1188	7
1189	2
1190	6
1191	4
1192	7
1193	0
1194	3
1195	7
1196	7
1197	7
1198	6
1199	7
1200	5
1201	1
1202	7
1203	7
1204	2
1205	0
1206	7
1207	7
1208	1
1209	0
1210	4
1211	5
1212	0
1213	0
1214	0
1215	7
1216	2
1217	0
1218	7
1219	0
1220	7
1221	7
1222	7
1223	7
1224	7
1225	0
1226	7
1227	0
1228	7
1229	1
1230	7
1231	7
1232	7
1233	7
1234	7
1235	5
1236	1
1237	1
1238	7
1239	2
1240	7
1241	0
1242	0
1243	7
1244	7
1245	7
1246	7
1247	4
1248	7
1249	7
1250	2
1251	7
1252	7
1253	7
1254	0
1255	2
1256	0
1257	0
1258	0
1259	0
1260	0
1261	0
1262	4
1263	0
1264	0
1265	6
1266	0
1267	7
1268	0
1269	4
1270	7
1271	0
1272	0
1273	3
1274	0
1275	2
1276	7
1277	7
1278	4
1279	1
1280	0
1281	0
1282	7
1283	7
1284	7
1285	7
1286	7
1287	7
1288	7
1289	5
1290	0
1291	6
1292	0
1293	7
1294	7
1295	5
1296	6
1297	7
1298	5
1299	7
1300	0
1301	5
1302	0
1303	0
1304	1
1305	1
1306	0
1307	7
1308	1
1309	0
1310	4
1311	7
1312	7
1313	6
1314	2
1315	0
1316	0
1317	0
1318	0
1319	0
1320	0
1321	2
1322	7
1323	7
1324	7
1325	6
1326	7
1327	7
1328	0
1329	0
1330	7
1331	7
1332	5
1333	7
1334	4
1335	1
1336	0
1337	0
1338	0
1339	5
1340	0
1341	0
1342	0
1343	0
1344	1
1345	7
1346	0
1347	0
1348	0
1349	0
1350	0
1351	5
1352	0
1353	6
1354	0
1355	7
1356	4
1357	0
1358	0
1359	2
1360	4
1361	7
1362	7
1363	5
1364	1
1365	7
1366	0
1367	7
1368	7
1369	2
1370	6
1371	5
1372	4
1373	0
1374	0
1375	0
1376	7
1377	7
1378	0
1379	7
1380	6
1381	0
1382	7
1383	0
1384	4
1385	0
1386	0
1387	1
1388	0
1389	7
1390	0
1391	4
1392	5
1393	7
1394	6
1395	7
1396	7
1397	7
1398	7
1399	0
1400	0
1401	6
1402	5
1403	7
1404	7
1405	0
1406	6
1407	0
1408	7
1409	7
1410	7
1411	0
1412	0
1413	2
1414	3
1415	1
1416	6
1417	1
1418	7
1419	0
1420	7
1421	0
1422	7
1423	7
1424	6
1425	0
1426	2
1427	7
1428	0
1429	0
1430	7
1431	7
1432	7
1433	2
1434	7
1435	0
1436	0
1437	0
1438	4
1439	0
1440	5
1441	5
1442	7
1443	0
1444	7
1445	0
1446	7
1447	0
1448	5
1449	0
1450	4
1451	5
1452	7
1453	1
1454	6
1455	0
1456	0
1457	5
1458	7
1459	5
1460	1
1461	0
1462	0
1463	7
1464	7
1465	7
1466	4
1467	0
1468	4
1469	7
1470	0
1471	2
1472	7
1473	0
1474	0
1475	0
1476	7
1477	0
1478	0
1479	0
1480	7
1481	5
1482	0
1483	0
1484	4
1485	6
1486	6
1487	0
1488	5
1489	0
1490	5
1491	0
1492	4
1493	7
1494	7
1495	7
1496	0
1497	6
1498	0
1499	1
1500	1
1501	0
1502	4
1503	0
1504	0
1505	7
1506	7
1507	0
1508	7
1509	7
1510	7
1511	2
1512	7
1513	7
1514	2
1515	0
1516	0
1517	0
1518	5
1519	3
1520	5
1521	7
1522	5
1523	0
1524	1
1525	0
1526	0
1527	1
1528	6
1529	0
1530	0
1531	0
1532	0
1533	0
1534	7
1535	4
1536	0
1537	7
1538	0
1539	0
1540	0
1541	7
1542	7
1543	0
1544	0
1545	2
1546	3
1547	0
1548	0
1549	7
1550	0
1551	7
1552	0
1553	0
1554	2
1555	7
1556	0
1557	0
1558	4
1559	7
1560	7
1561	0
1562	6
1563	7
1564	6
1565	7
1566	7
1567	7
1568	0
1569	0
1570	7
1571	1
1572	6
1573	7
1574	6
1575	7
1576	7
1577	6
1578	7
1579	7
1580	7
1581	1
1582	7
1583	0
1584	7
1585	0
1586	0
1587	7
1588	7
1589	7
1590	5
1591	7
1592	7
1593	2
1594	0
1595	6
1596	0
1597	6
1598	7
1599	7
1600	0
1601	0
1602	0
1603	0
1604	0
1605	0
1606	0
1607	0
1608	7
1609	4
1610	0
1611	7
1612	6
1613	0
1614	7
1615	6
1616	0
1617	0
1618	0
1619	1
1620	7
1621	0
1622	6
1623	7
1624	7
1625	0
1626	7
1627	0
1628	0
1629	6
1630	7
1631	0
1632	0
1633	0
1634	1
1635	7
1636	7
1637	5
1638	0
1639	5
1640	7
1641	1
1642	0
1643	3
1644	1
1645	7
1646	0
1647	7
1648	7
1649	3
1650	7
1651	0
1652	7
1653	0
1654	7
1655	7
1656	4
1657	7
1658	0
1659	4
1660	7
1661	6
1662	0
1663	0
1664	7
1665	7
1666	7
1667	0
1668	7
1669	5
1670	3
1671	4
1672	7
1673	0
1674	7
1675	0
1676	0
1677	0
1678	7
1679	1
1680	0
1681	0
1682	0
1683	0
1684	2
1685	2
1686	6
1687	7
1688	7
1689	0
1690	0
1691	7
1692	7
1693	6
1694	7
1695	6
1696	7
1697	0
1698	7
1699	7
1700	7
1701	7
1702	7
1703	6
1704	1
1705	7
1706	7
1707	2
1708	1
1709	0
1710	6
1711	0
1712	7
1713	7
1714	7
1715	0
1716	6
1717	0
1718	0
1719	7
1720	7
1721	0
1722	0
1723	0
1724	0
1725	1
1726	7
1727	7
1728	0
1729	0
1730	7
1731	7
1732	0
1733	7
1734	0
1735	7
1736	4
1737	0
1738	7
1739	7
1740	0
1741	0
1742	0
1743	7
1744	7
1745	4
1746	0
1747	6
1748	6
1749	7
1750	7
1751	0
1752	7
1753	7
1754	7
1755	0
1756	0
1757	0
1758	7
1759	0
1760	0
1761	0
1762	0
1763	0
1764	7
1765	7
1766	7
1767	7
1768	3
1769	0
1770	7
1771	0
1772	2
1773	4
1774	0
1775	0
1776	6
1777	7
1778	3
1779	7
1780	1
1781	0
1782	7
1783	7
1784	1
1785	2
1786	0
1787	4
1788	7
1789	7
1790	0
1791	7
1792	7
1793	3
1794	5
1795	7
1796	7
1797	7
1798	7
1799	7
1800	3
1801	0
1802	7
1803	2
1804	1
1805	0
1806	3
1807	4
1808	7
1809	0
1810	6
1811	7
1812	7
1813	6
1814	7
1815	7
1816	0
1817	7
1818	7
1819	2
1820	7
1821	0
1822	0
1823	7
1824	6
1825	5
1826	7
1827	7
1828	7
1829	0
1830	7
1831	4
1832	7
1833	7
1834	0
1835	7
1836	7
1837	7
1838	7
1839	7
1840	7
1841	0
1842	7
1843	7
1844	0
1845	5
1846	0
1847	0
1848	7
1849	7
1850	7
1851	0
1852	7
1853	1
1854	0
1855	0
1856	0
1857	7
1858	7
1859	7
1860	0
1861	3
1862	7
1863	6
1864	2
1865	0
1866	7
1867	7
1868	7
1869	7
1870	7
1871	7
1872	7
1873	6
1874	2
1875	7
1876	6
1877	7
1878	0
1879	7
1880	0
1881	2
1882	0
1883	0
1884	7
1885	0
1886	0
1887	1
1888	0
1889	7
1890	7
1891	0
1892	1
1893	3
1894	1
1895	7
1896	7
1897	7
1898	7
1899	7
1900	5
1901	0
1902	6
1903	7
1904	6
1905	7
1906	7
1907	7
1908	0
1909	6
1910	6
1911	4
1912	4
1913	7
1914	7
1915	6
1916	7
1917	7
1918	0
1919	0
1920	7
1921	2
1922	0
1923	5
1924	4
1925	0
1926	7
1927	1
1928	2
1929	7
1930	5
1931	4
1932	1
1933	6
1934	7
1935	4
1936	1
1937	0
1938	0
1939	0
1940	1
1941	0
1942	1
1943	0
1944	7
1945	6
1946	4
1947	6
1948	7
1949	0
1950	7
1951	1
1952	5
1953	7
1954	0
1955	5
1956	0
1957	0
1958	0
1959	0
1960	0
1961	7
1962	0
1963	0
1964	0
1965	0
1966	0
1967	1
1968	0
1969	0
1970	6
1971	1
1972	0
1973	7
1974	7
1975	7
1976	0
1977	0
1978	7
1979	7
1980	6
1981	0
1982	0
1983	4
1984	7
1985	7
1986	3
1987	7
1988	6
1989	7
1990	7
1991	2
1992	7
1993	7
1994	7
1995	5
1996	0
1997	0
1998	7
1999	0
2000	0
2001	7
2002	1
2003	0
2004	0
2005	4
2006	2
2007	0
2008	0
2009	0
2010	0
2011	0
2012	5
2013	7
2014	7
2015	7
2016	7
2017	7
2018	7
2019	7
2020	2
2021	7
2022	7
2023	0
2024	6
2025	7
2026	0
2027	7
2028	6
2029	7
2030	7
2031	7
2032	0
2033	0
2034	7
2035	7
2036	7
2037	7
2038	7
2039	7
2040	7
2041	6
2042	7
2043	1
2044	0
2045	0
2046	0
2047	0
2048	7
2049	7
2050	7
2051	6
2052	7
2053	0
2054	7
2055	7
2056	6
2057	5
2058	5
2059	1
2060	0
2061	4
2062	7
2063	7
2064	5
2065	5
2066	0
2067	7
2068	7
2069	6
2070	7
2071	0
2072	7
2073	2
2074	0
2075	7
2076	7
2077	0
2078	0
2079	4
2080	7
2081	7
2082	7
2083	6
2084	3
2085	0
2086	0
2087	7
2088	0
2089	0
2090	7
2091	5
2092	1
2093	7
2094	6
2095	7
2096	0
2097	0
2098	1
2099	7
2100	7
2101	0
2102	0
2103	0
2104	0
2105	7
2106	7
2107	7
2108	7
2109	1
2110	2
2111	0
2112	0
2113	6
2114	0
2115	7
2116	7
2117	7
2118	5
2119	7
2120	7
2121	2
2122	0
2123	2
2124	7
2125	0
2126	7
2127	7
2128	2
2129	7
2130	7
2131	2
2132	5
2133	7
2134	7
2135	2
2136	7
2137	7
2138	2
2139	0
2140	7
2141	7
2142	2
2143	6
2144	0
2145	1
2146	0
2147	2
2148	3
2149	0
2150	7
2151	7
2152	7
2153	3
2154	6
2155	4
2156	7
2157	7
2158	7
2159	7
2160	0
2161	0
2162	7
2163	0
2164	6
2165	2
2166	4
2167	0
2168	0
2169	6
2170	0
2171	3
2172	6
2173	0
2174	0
2175	6
2176	1
2177	0
2178	1
2179	0
2180	0
2181	5
2182	1
2183	7
2184	0
2185	5
2186	1
2187	7
2188	0
2189	2
2190	7
2191	6
2192	7
2193	7
2194	0
2195	6
2196	6
2197	7
2198	0
2199	0
2200	7
2201	7
2202	0
2203	1
2204	1
2205	7
2206	1
2207	7
2208	7
2209	0
2210	5
2211	0
2212	0
2213	3
2214	0
2215	7
2216	0
2217	0
2218	0
2219	7
2220	7
2221	0
2222	1
2223	0
2224	7
2225	1
2226	1
2227	0
2228	7
2229	0
2230	4
2231	7
2232	7
2233	0
2234	2
2235	6
2236	0
2237	0
2238	2
2239	0
2240	7
2241	0
2242	0
2243	6
2244	0
2245	0
2246	6
2247	7
2248	7
2249	6
2250	2
2251	2
2252	7
2253	7
2254	7
2255	2
2256	1
2257	0
2258	7
2259	0
2260	6
2261	0
2262	3
2263	7
2264	0
2265	1
2266	0
2267	1
2268	7
2269	0
2270	4
2271	1
2272	7
2273	2
2274	6
2275	3
2276	7
2277	6
2278	7
2279	2
2280	0
2281	0
2282	0
2283	0
2284	7
2285	5
2286	6
2287	7
2288	7
2289	7
2290	0
2291	7
2292	7
2293	5
2294	5
2295	5
2296	0
2297	0
2298	5
2299	7
2300	1
2301	0
2302	0
2303	0
2304	6
2305	1
2306	7
2307	0
2308	0
2309	1
2310	0
2311	6
2312	4
2313	0
2314	0
2315	1
2316	7
2317	0
2318	6
2319	0
2320	7
2321	0
2322	6
2323	6
2324	4
2325	0
2326	0
2327	0
2328	0
2329	1
2330	7
2331	2
2332	0
2333	0
2334	7
2335	7
2336	0
2337	6
2338	0
2339	0
2340	0
2341	0
2342	0
2343	0
2344	0
2345	5
2346	0
2347	4
2348	0
2349	0
2350	5
2351	0
2352	0
2353	0
2354	0
2355	0
2356	0
2357	0
2358	0
2359	0
2360	0
2361	0
2362	6
2363	6
2364	5
2365	4
2366	2
2367	7
2368	7
2369	0
2370	1
2371	0
2372	0
2373	0
2374	0
2375	0
2376	6
2377	0
2378	4
2379	7
2380	7
2381	1
2382	1
2383	7
2384	7
2385	0
2386	7
2387	0
2388	0
2389	7
2390	7
2391	7
2392	0
2393	1
2394	7
2395	7
2396	6
2397	6
2398	3
2399	6
2400	0
2401	0
2402	5
2403	0
2404	6
2405	1
2406	0
2407	0
2408	1
2409	3
2410	0
2411	1
2412	5
2413	2
2414	1
2415	0
2416	0
2417	7
2418	7
2419	7
2420	7
2421	5
2422	7
2423	4
2424	7
2425	7
2426	7
2427	7
2428	6
2429	0
2430	7
2431	2
2432	0
2433	5
2434	6
2435	0
2436	7
2437	0
2438	0
2439	0
2440	3
2441	0
2442	7
2443	0
2444	5
2445	0
2446	6
2447	7
2448	6
2449	4
2450	0
2451	0
2452	1
2453	7
2454	0
2455	0
2456	7
2457	7
2458	7
2459	6
2460	7
2461	7
2462	0
2463	7
2464	7
2465	7
2466	7
2467	6
2468	1
2469	5
2470	0
2471	0
2472	3
2473	0
2474	1
2475	2
2476	0
2477	7
2478	7
2479	7
2480	7
2481	7
2482	0
2483	0
2484	0
2485	7
2486	7
2487	0
2488	0
2489	0
2490	7
2491	4
2492	0
2493	6
2494	7
2495	0
2496	0
2497	0
2498	1
2499	6
2500	2
2501	6
2502	1
2503	0
2504	7
2505	7
2506	0
2507	6
2508	6
2509	5
2510	1
2511	3
2512	7
2513	7
2514	7
2515	1
2516	7
2517	0
2518	7
2519	0
2520	7
2521	7
2522	7
2523	6
2524	7
2525	7
2526	0
2527	0
2528	0
2529	0
2530	6
2531	0
2532	0
2533	0
2534	7
2535	0
2536	7
2537	1
2538	6
2539	5
2540	2
2541	0
2542	7
2543	0
2544	0
2545	0
2546	5
2547	5
2548	4
2549	3
2550	7
2551	0
2552	4
2553	7
2554	7
2555	7
2556	5
2557	7
2558	7
2559	0
2560	7
2561	0
2562	7
2563	7
2564	5
2565	2
2566	0
2567	4
2568	6
2569	0
2570	4
2571	7
2572	7
2573	5
2574	6
2575	0
2576	2
2577	0
2578	6
2579	0
2580	7
2581	0
2582	0
2583	0
2584	0
2585	5
2586	0
2587	0
2588	7
2589	0
2590	0
2591	0
2592	4
2593	0
2594	5
2595	0
2596	7
2597	7
2598	7
2599	6
2600	1
2601	7
2602	7
2603	4
2604	7
2605	7
2606	7
2607	7
2608	7
2609	0
2610	0
2611	0
2612	0
2613	0
2614	1
2615	0
2616	0
2617	0
2618	2
2619	0
2620	3
2621	0
2622	0
2623	0
2624	6
2625	6
2626	6
2627	7
2628	7
2629	0
2630	7
2631	7
2632	6
2633	4
2634	0
2635	0
2636	7
2637	7
2638	6
2639	7
2640	7
2641	1
2642	6
2643	0
2644	7
2645	0
2646	0
2647	0
2648	7
2649	0
2650	7
2651	0
2652	7
2653	0
2654	0
2655	0
2656	1
2657	7
2658	1
2659	6
2660	1
2661	7
2662	0
2663	6
2664	0
2665	7
2666	0
2667	0
2668	7
2669	7
2670	0
2671	7
2672	1
2673	7
2674	6
2675	1
2676	7
2677	6
2678	7
2679	0
2680	0
2681	0
2682	7
2683	0
2684	0
2685	0
2686	7
2687	0
2688	0
2689	0
2690	7
2691	0
2692	3
2693	2
2694	3
2695	6
2696	0
2697	5
2698	0
2699	7
2700	7
2701	0
2702	7
2703	0
2704	7
2705	0
2706	7
2707	7
2708	7
2709	0
2710	0
2711	3
2712	7
2713	2
2714	6
2715	7
2716	0
2717	0
2718	1
2719	0
2720	1
2721	6
2722	0
2723	0
2724	0
2725	0
2726	0
2727	0
2728	0
2729	0
2730	0
2731	2
2732	0
2733	0
2734	0
2735	0
2736	0
2737	0
2738	0
2739	0
2740	0
2741	0
2742	0
2743	3
2744	5
2745	0
2746	0
2747	0
2748	7
2749	7
2750	0
2751	7
2752	7
2753	5
2754	1
2755	3
2756	7
2757	0
2758	7
2759	4
2760	0
2761	0
2762	2
2763	7
2764	0
2765	0
2766	7
2767	7
2768	0
2769	5
2770	1
2771	0
2772	3
2773	6
2774	6
2775	7
2776	0
2777	7
2778	0
2779	0
2780	0
2781	7
2782	0
2783	7
2784	4
2785	0
2786	0
2787	5
2788	0
2789	6
2790	1
2791	6
2792	7
2793	0
2794	2
2795	0
2796	7
2797	0
2798	1
2799	6
2800	0
2801	0
2802	7
2803	7
2804	7
2805	1
2806	3
2807	1
2808	7
2809	0
2810	0
2811	7
2812	0
2813	0
2814	0
2815	6
2816	6
2817	0
2818	7
2819	7
2820	0
2821	0
2822	7
2823	3
2824	0
2825	5
2826	7
2827	0
2828	0
2829	7
2830	7
2831	3
2832	0
2833	0
2834	0
2835	2
2836	0
2837	0
2838	3
2839	7
2840	6
2841	0
2842	7
2843	6
2844	7
2845	0
2846	7
2847	5
2848	5
2849	7
2850	0
2851	0
2852	0
2853	7
2854	2
2855	0
2856	3
2857	0
2858	1
2859	0
2860	6
2861	7
2862	0
2863	3
2864	7
2865	5
2866	7
2867	7
2868	7
2869	0
2870	0
2871	7
2872	7
2873	7
2874	7
2875	0
2876	0
2877	7
2878	7
2879	0
2880	7
2881	2
2882	7
2883	7
2884	0
2885	5
2886	7
2887	7
2888	7
2889	0
2890	1
2891	7
2892	3
2893	0
2894	7
2895	7
2896	7
2897	0
2898	7
2899	7
2900	7
2901	0
2902	7
2903	0
2904	0
2905	6
2906	0
2907	0
2908	0
2909	0
2910	1
2911	0
2912	7
2913	0
2914	3
2915	6
2916	0
2917	7
2918	0
2919	0
2920	0
2921	7
2922	1
2923	0
2924	0
2925	0
2926	0
2927	0
2928	4
2929	7
2930	0
2931	7
2932	7
2933	7
2934	7
2935	0
2936	7
2937	1
2938	0
2939	7
2940	0
2941	7
2942	0
2943	4
2944	7
2945	7
2946	0
2947	7
2948	7
2949	7
2950	0
2951	0
2952	0
2953	6
2954	7
2955	7
2956	7
2957	7
2958	0
2959	1
2960	0
2961	7
2962	7
2963	0
2964	0
2965	7
2966	0
2967	0
2968	7
2969	7
2970	7
2971	2
2972	7
2973	7
2974	7
2975	0
2976	0
2977	7
2978	7
2979	7
2980	0
2981	0
2982	2
2983	0
2984	0
2985	5
2986	0
2987	0
2988	7
2989	0
2990	0
2991	1
2992	7
2993	7
2994	0
2995	1
2996	0
2997	7
2998	0
2999	0
3000	7
3001	0
3002	0
3003	7
3004	0
3005	0
3006	7
3007	5
3008	7
3009	2
3010	0
3011	0
3012	2
3013	7
3014	1
3015	6
3016	0
3017	7
3018	0
3019	0
3020	0
3021	0
3022	0
3023	0
3024	3
3025	1
3026	7
3027	7
3028	0
3029	7
3030	0
3031	0
3032	5
3033	7
3034	7
3035	7
3036	0
3037	7
3038	0
3039	1
3040	0
3041	7
3042	0
3043	1
3044	7
3045	5
3046	7
3047	0
3048	1
3049	7
3050	6
3051	0
3052	7
3053	7
3054	0
3055	7
3056	0
3057	0
3058	0
3059	0
3060	0
3061	2
3062	7
3063	7
3064	1
3065	7
3066	7
3067	7
3068	4
3069	0
3070	6
3071	7
3072	4
3073	0
3074	0
3075	0
3076	0
3077	0
3078	7
3079	6
3080	5
3081	0
3082	0
3083	0
3084	0
3085	7
3086	0
3087	0
3088	0
3089	2
3090	4
3091	6
3092	7
3093	7
3094	7
3095	0
3096	7
3097	7
3098	0
3099	0
3100	0
3101	7
3102	2
3103	0
3104	7
3105	7
3106	4
3107	7
3108	7
3109	7
3110	6
3111	7
3112	2
3113	0
3114	0
3115	7
3116	7
3117	7
3118	6
3119	0
3120	0
3121	1
3122	0
3123	0
3124	7
3125	4
3126	7
3127	0
3128	4
3129	0
3130	6
3131	1
3132	6
3133	6
3134	0
3135	0
3136	1
3137	7
3138	5
3139	7
3140	7
3141	7
3142	7
3143	7
3144	7
3145	7
3146	1
3147	3
3148	0
3149	7
3150	7
3151	7
3152	0
3153	0
3154	3
3155	3
3156	7
3157	7
3158	6
3159	1
3160	5
3161	0
3162	7
3163	0
3164	0
3165	0
3166	7
3167	2
3168	7
3169	6
3170	7
3171	4
3172	0
3173	0
3174	4
3175	0
3176	7
3177	7
3178	7
3179	7
3180	7
3181	7
3182	7
3183	7
3184	7
3185	0
3186	0
3187	0
3188	7
3189	0
3190	7
3191	0
3192	7
3193	3
3194	5
3195	0
3196	6
3197	0
3198	0
3199	6
3200	0
3201	3
3202	4
3203	0
3204	0
3205	2
3206	6
3207	0
3208	7
3209	3
3210	0
3211	0
3212	0
3213	0
3214	0
3215	7
3216	1
3217	7
3218	4
3219	2
3220	5
3221	4
3222	7
3223	0
3224	5
3225	0
3226	7
3227	6
3228	0
3229	0
3230	2
3231	7
3232	7
3233	7
3234	0
3235	7
3236	0
3237	6
3238	7
3239	0
3240	1
3241	0
3242	2
3243	0
3244	7
3245	0
3246	0
3247	0
3248	2
3249	0
3250	7
3251	7
3252	7
3253	6
3254	0
3255	0
3256	7
3257	0
3258	7
3259	0
3260	0
3261	7
3262	0
3263	5
3264	7
3265	7
3266	7
3267	7
3268	7
3269	7
3270	7
3271	2
3272	6
3273	7
3274	0
3275	0
3276	0
3277	7
3278	7
3279	0
3280	0
3281	0
3282	0
3283	7
3284	5
3285	5
3286	0
3287	4
3288	0
3289	1
3290	7
3291	2
3292	0
3293	7
3294	7
3295	7
3296	0
3297	0
3298	4
3299	6
3300	0
3301	7
3302	3
3303	7
3304	7
3305	0
3306	0
3307	5
3308	0
3309	0
3310	0
3311	0
3312	4
3313	6
3314	1
3315	0
3316	4
3317	0
3318	0
3319	5
3320	7
3321	0
3322	0
3323	0
3324	3
3325	0
3326	1
3327	5
3328	0
3329	0
3330	2
3331	0
3332	2
3333	0
3334	0
3335	0
3336	0
3337	7
3338	7
3339	4
3340	0
3341	0
3342	7
3343	6
3344	1
3345	0
3346	0
3347	0
3348	7
3349	0
3350	0
3351	6
3352	0
3353	0
3354	7
3355	0
3356	0
3357	6
3358	1
3359	0
3360	7
3361	7
3362	6
3363	1
3364	7
3365	0
3366	0
3367	0
3368	0
3369	0
3370	0
3371	0
3372	0
3373	7
3374	7
3375	0
3376	0
3377	0
3378	0
3379	7
3380	7
3381	0
3382	0
3383	7
3384	7
3385	7
3386	0
3387	7
3388	1
3389	4
3390	7
3391	7
3392	0
3393	0
3394	0
3395	0
3396	0
3397	0
3398	0
3399	0
3400	0
3401	0
3402	0
3403	7
3404	0
3405	7
3406	0
3407	1
3408	7
3409	0
3410	7
3411	4
3412	0
3413	0
3414	0
3415	0
3416	0
3417	7
3418	0
3419	0
3420	0
3421	7
3422	0
3423	0
3424	7
3425	7
3426	7
3427	2
3428	7
3429	7
3430	0
3431	1
3432	0
3433	7
3434	4
3435	0
3436	0
3437	7
3438	0
3439	0
3440	0
3441	7
3442	7
3443	7
3444	1
3445	0
3446	0
3447	7
3448	6
3449	7
3450	1
3451	0
3452	0
3453	6
3454	7
3455	0
3456	6
3457	2
3458	0
3459	5
3460	7
3461	0
3462	0
3463	7
3464	4
3465	5
3466	0
3467	0
3468	7
3469	0
3470	0
3471	0
3472	7
3473	0
3474	0
3475	0
3476	0
3477	0
3478	0
3479	0
3480	0
3481	1
3482	0
3483	0
3484	1
3485	0
3486	0
3487	7
3488	0
3489	0
3490	3
3491	7
3492	7
3493	0
3494	7
3495	7
3496	0
3497	7
3498	7
3499	7
3500	7
3501	7
3502	0
3503	0
3504	1
3505	0
3506	0
3507	2
3508	0
3509	0
3510	0
3511	0
3512	0
3513	0
3514	0
3515	0
3516	7
3517	0
3518	7
3519	0
3520	7
3521	0
3522	0
3523	1
3524	1
3525	6
3526	1
3527	0
3528	0
3529	0
3530	0
3531	0
3532	3
3533	0
3534	0
3535	7
3536	1
3537	6
3538	4
3539	0
3540	0
3541	0
3542	6
3543	0
3544	0
3545	0
3546	0
3547	0
3548	0
3549	0
3550	0
3551	0
3552	0
3553	0
3554	0
3555	0
3556	5
3557	7
3558	1
3559	0
3560	7
3561	0
3562	6
3563	0
3564	0
3565	1
3566	0
3567	0
3568	0
3569	7
3570	1
3571	0
3572	4
3573	7
3574	0
3575	0
3576	0
3577	0
3578	1
3579	0
3580	0
3581	0
3582	0
3583	0
3584	7
3585	0
3586	7
3587	7
3588	5
3589	0
3590	0
3591	0
3592	0
3593	0
3594	0
3595	1
3596	5
3597	7
3598	3
3599	0
3600	7
3601	0
3602	3
3603	0
3604	2
3605	0
3606	0
3607	0
3608	0
3609	6
3610	0
3611	0
3612	7
3613	7
3614	0
3615	0
3616	0
3617	0
3618	0
3619	7
3620	0
3621	0
3622	6
3623	0
3624	0
3625	0
3626	0
3627	0
3628	0
3629	0
3630	7
3631	1
3632	1
3633	7
3634	0
3635	0
3636	0
3637	0
3638	7
3639	0
3640	0
3641	7
3642	7
3643	7
3644	6
3645	0
3646	0
3647	7
3648	0
3649	0
3650	0
3651	7
3652	4
3653	0
3654	1
3655	0
3656	0
3657	0
3658	7
3659	7
3660	0
3661	1
3662	6
3663	7
3664	0
3665	0
3666	0
3667	0
3668	4
3669	0
3670	7
3671	0
3672	0
3673	0
3674	2
3675	0
3676	0
3677	0
3678	0
3679	0
3680	6
3681	0
3682	7
3683	2
3684	0
3685	7
3686	7
3687	7
3688	4
3689	0
3690	0
3691	0
3692	7
3693	0
3694	2
3695	0
3696	0
3697	0
3698	7
3699	2
3700	1
3701	7
3702	0
3703	4
3704	0
3705	0
3706	7
3707	7
3708	0
3709	7
3710	0
3711	0
3712	0
3713	0
3714	4
3715	0
3716	7
3717	0
3718	0
3719	7
3720	7
3721	7
3722	7
3723	7
3724	7
3725	0
3726	0
3727	6
3728	6
3729	7
3730	0
3731	7
3732	6
3733	1
3734	0
3735	7
3736	7
3737	6
3738	7
3739	7
3740	0
3741	6
3742	0
3743	0
3744	0
3745	7
3746	0
3747	7
3748	7
3749	0
3750	2
3751	0
3752	0
3753	7
3754	0
3755	7
3756	0
3757	7
3758	0
3759	6
3760	4
3761	7
3762	3
3763	0
3764	0
3765	0
3766	7
3767	0
3768	0
3769	6
3770	6
3771	7
3772	7
3773	7
3774	7
3775	0
3776	0
3777	0
3778	0
3779	0
3780	0
3781	2
3782	7
3783	0
3784	6
3785	0
3786	3
3787	2
3788	7
3789	0
3790	4
3791	0
3792	0
3793	0
3794	0
3795	0
3796	0
3797	0
3798	0
3799	0
3800	0
3801	3
3802	0
3803	0
3804	0
3805	0
3806	6
3807	0
3808	7
3809	0
3810	7
3811	5
3812	7
3813	0
3814	7
3815	0
3816	7
3817	0
3818	1
3819	0
3820	7
3821	0
3822	6
3823	4
3824	1
3825	0
3826	5
3827	0
3828	2
3829	0
3830	0
3831	0
3832	0
3833	4
3834	0
3835	0
3836	0
3837	0
3838	4
3839	7
3840	4
3841	1
3842	7
3843	4
3844	0
3845	7
3846	5
3847	0
3848	4
3849	1
3850	7
3851	0
3852	0
3853	7
3854	6
3855	7
3856	5
3857	1
3858	6
3859	6
3860	0
3861	7
3862	6
3863	7
3864	0
3865	4
3866	0
3867	7
3868	0
3869	7
3870	7
3871	1
3872	7
3873	7
3874	7
3875	0
3876	0
3877	7
3878	3
3879	0
3880	6
3881	0
3882	7
3883	1
3884	4
3885	0
3886	7
3887	7
3888	5
3889	1
3890	0
3891	4
3892	0
3893	0
3894	0
3895	0
3896	6
3897	7
3898	7
3899	0
3900	7
3901	5
3902	0
3903	0
3904	7
3905	5
3906	7
3907	7
3908	1
3909	0
3910	7
3911	1
3912	7
3913	6
3914	1
3915	0
3916	0
3917	0
3918	3
3919	3
3920	0
3921	0
3922	0
3923	5
3924	0
3925	7
3926	6
3927	6
3928	0
3929	0
3930	7
3931	0
3932	0
3933	2
3934	0
3935	7
3936	0
3937	0
3938	0
3939	6
3940	0
3941	7
3942	5
3943	7
3944	7
3945	1
3946	0
3947	1
3948	7
3949	0
3950	7
3951	1
3952	3
3953	7
3954	0
3955	4
3956	7
3957	6
3958	0
3959	0
3960	0
3961	7
3962	0
3963	0
3964	7
3965	0
3966	6
3967	7
3968	3
3969	0
3970	0
3971	7
3972	0
3973	2
3974	6
3975	0
3976	0
3977	0
3978	3
3979	0
3980	7
3981	0
3982	0
3983	0
3984	1
3985	5
3986	5
3987	0
3988	0
3989	7
3990	0
3991	4
3992	7
3993	7
3994	7
3995	7
3996	7
3997	0
3998	0
3999	0
4000	4
4001	7
4002	3
4003	0
4004	7
4005	7
4006	6
4007	7
4008	7
4009	7
4010	6
4011	0
4012	5
4013	7
4014	1
4015	7
4016	0
4017	7
4018	0
4019	3
4020	0
4021	0
4022	0
4023	0
4024	7
4025	7
4026	0
4027	0
4028	7
4029	6
4030	0
4031	7
4032	7
4033	7
4034	7
4035	7
4036	7
4037	0
4038	0
4039	0
4040	3
4041	0
4042	3
4043	0
4044	7
4045	7
4046	6
4047	7
4048	0
4049	0
4050	7
4051	4
4052	3
4053	7
4054	7
4055	7
4056	1
4057	7
4058	7
4059	7
4060	7
4061	1
4062	5
4063	6
4064	0
4065	0
4066	6
4067	6
4068	0
4069	0
4070	3
4071	4
4072	5
4073	1
4074	7
4075	7
4076	0
4077	5
4078	0
4079	5
4080	0
4081	0
4082	1
4083	0
4084	3
4085	0
4086	3
4087	7
4088	0
4089	6
4090	3
4091	6
4092	0
4093	7
4094	3
4095	4
