COMMAND
./sim gshare 10 2 traces/gcc_trace.txt 
OUTPUT
number of predictions:		2000000
number of mispredictions:	339027
misprediction rate:		16.95%
FINAL GSHARE CONTENTS
0	7
1	5
2	0
3	2
4	5
5	0
6	7
7	4
8	0
9	0
10	0
11	0
12	7
13	0
14	7
15	7
16	7
17	1
18	5
19	0
20	0
21	0
22	3
23	3
24	7
25	7
26	2
27	0
28	7
29	4
30	6
31	6
32	6
33	1
34	0
35	0
36	7
37	5
38	7
39	6
40	0
41	1
42	0
43	0
44	0
45	0
46	7
47	4
48	7
49	6
50	0
51	4
52	0
53	0
54	1
55	7
56	7
57	0
58	6
59	1
60	0
61	7
62	7
63	0
64	7
65	3
66	0
67	0
68	4
69	6
70	6
71	0
72	0
73	0
74	7
75	6
76	7
77	7
78	7
79	0
80	0
81	1
82	5
83	6
84	4
85	3
86	5
87	5
88	7
89	0
90	5
91	7
92	0
93	6
94	7
95	0
96	1
97	6
98	7
99	7
100	0
101	0
102	7
103	7
104	7
105	6
106	7
107	7
108	7
109	0
110	7
111	7
112	5
113	0
114	0
115	7
116	0
117	6
118	0
119	7
120	7
121	7
122	0
123	0
124	7
125	6
126	0
127	7
128	7
129	7
130	1
131	0
132	6
133	0
134	7
135	6
136	0
137	6
138	1
139	0
140	0
141	1
142	0
143	0
144	0
145	0
146	0
147	0
148	7
149	0
150	0
151	0
152	0
153	7
154	7
155	1
156	0
157	0
158	0
159	0
160	2
161	4
162	3
163	0
164	3
165	0
166	7
167	0
168	1
169	0
170	7
171	3
172	7
173	0
174	0
175	0
176	0
177	0
178	3
179	7
180	7
181	0
182	3
183	2
184	7
185	7
186	0
187	7
188	7
189	1
190	0
191	7
192	0
193	1
194	1
195	7
196	0
197	0
198	0
199	7
200	0
201	0
202	0
203	2
204	1
205	1
206	6
207	0
208	7
209	0
210	6
211	7
212	5
213	0
214	0
215	0
216	0
217	0
218	0
219	0
220	7
221	7
222	0
223	0
224	4
225	7
226	7
227	0
228	0
229	3
230	7
231	0
232	7
233	7
234	7
235	7
236	5
237	0
238	0
239	7
240	0
241	0
242	0
243	7
244	6
245	3
246	0
247	0
248	0
249	7
250	0
251	0
252	0
253	0
254	7
255	0
256	6
257	5
258	0
259	0
260	7
261	0
262	7
263	5
264	7
265	7
266	1
267	1
268	0
269	7
270	7
271	0
272	0
273	2
274	4
275	0
276	7
277	7
278	0
279	0
280	0
281	0
282	0
283	0
284	0
285	5
286	4
287	7
288	0
289	0
290	0
291	5
292	3
293	0
294	0
295	0
296	6
297	0
298	0
299	7
300	7
301	0
302	4
303	6
304	6
305	0
306	0
307	0
308	0
309	0
310	5
311	0
312	7
313	0
314	0
315	5
316	0
317	0
318	0
319	1
320	0
321	7
322	7
323	1
324	1
325	7
326	7
327	0
328	4
329	0
330	4
331	0
332	5
333	7
334	7
335	7
336	0
337	0
338	0
339	0
340	6
341	6
342	3
343	2
344	7
345	6
346	0
347	0
348	6
349	0
350	7
351	3
352	1
353	3
354	0
355	7
356	0
357	0
358	0
359	4
360	0
361	6
362	0
363	0
364	7
365	0
366	0
367	0
368	4
369	0
370	7
371	6
372	7
373	7
374	7
375	0
376	7
377	0
378	1
379	0
380	0
381	7
382	0
383	0
384	7
385	0
386	6
387	0
388	7
389	7
390	7
391	7
392	0
393	0
394	0
395	0
396	0
397	0
398	7
399	7
400	0
401	0
402	0
403	5
404	7
405	5
406	7
407	0
408	0
409	0
410	2
411	2
412	0
413	0
414	0
415	4
416	7
417	7
418	7
419	0
420	0
421	1
422	0
423	0
424	0
425	6
426	0
427	0
428	1
429	5
430	0
431	7
432	6
433	0
434	7
435	3
436	7
437	0
438	0
439	7
440	7
441	7
442	7
443	7
444	5
445	7
446	0
447	7
448	0
449	7
450	7
451	3
452	6
453	0
454	6
455	0
456	0
457	3
458	0
459	7
460	0
461	7
462	0
463	7
464	7
465	7
466	0
467	0
468	0
469	7
470	0
471	7
472	6
473	0
474	0
475	7
476	7
477	6
478	7
479	7
480	0
481	0
482	0
483	0
484	0
485	0
486	1
487	6
488	7
489	0
490	0
491	0
492	0
493	4
494	0
495	3
496	3
497	0
498	0
499	2
500	0
501	0
502	2
503	0
504	0
505	0
506	0
507	6
508	2
509	2
510	0
511	0
512	1
513	7
514	7
515	0
516	7
517	4
518	2
519	5
520	7
521	6
522	7
523	7
524	4
525	2
526	6
527	7
528	2
529	0
530	7
531	7
532	7
533	0
534	0
535	7
536	6
537	7
538	0
539	6
540	0
541	1
542	0
543	7
544	0
545	4
546	6
547	0
548	7
549	7
550	1
551	7
552	0
553	0
554	0
555	0
556	7
557	0
558	7
559	0
560	6
561	0
562	0
563	0
564	0
565	0
566	0
567	5
568	0
569	7
570	0
571	3
572	7
573	0
574	0
575	0
576	7
577	0
578	0
579	0
580	5
581	0
582	7
583	0
584	0
585	0
586	0
587	0
588	0
589	7
590	3
591	7
592	0
593	0
594	1
595	4
596	3
597	7
598	0
599	0
600	7
601	7
602	0
603	4
604	0
605	7
606	6
607	7
608	7
609	6
610	4
611	7
612	0
613	0
614	7
615	7
616	1
617	0
618	0
619	0
620	0
621	7
622	7
623	4
624	6
625	7
626	7
627	7
628	0
629	1
630	0
631	0
632	0
633	1
634	0
635	0
636	0
637	1
638	0
639	4
640	5
641	7
642	4
643	7
644	3
645	7
646	0
647	0
648	0
649	7
650	1
651	6
652	7
653	7
654	7
655	3
656	6
657	0
658	0
659	2
660	1
661	0
662	7
663	7
664	1
665	0
666	6
667	0
668	0
669	7
670	1
671	0
672	0
673	7
674	7
675	4
676	7
677	7
678	0
679	0
680	7
681	7
682	7
683	7
684	0
685	6
686	5
687	0
688	0
689	0
690	1
691	0
692	0
693	7
694	7
695	6
696	7
697	1
698	0
699	0
700	0
701	7
702	0
703	0
704	4
705	0
706	0
707	0
708	0
709	7
710	0
711	7
712	2
713	0
714	7
715	0
716	6
717	6
718	7
719	5
720	1
721	0
722	0
723	1
724	0
725	0
726	1
727	7
728	7
729	7
730	0
731	1
732	1
733	0
734	7
735	0
736	6
737	7
738	7
739	0
740	7
741	0
742	7
743	7
744	7
745	7
746	3
747	0
748	0
749	0
750	7
751	7
752	7
753	7
754	7
755	3
756	7
757	7
758	5
759	1
760	2
761	0
762	0
763	2
764	0
765	7
766	0
767	7
768	7
769	7
770	0
771	7
772	0
773	6
774	7
775	7
776	7
777	0
778	7
779	5
780	6
781	2
782	0
783	0
784	6
785	7
786	5
787	2
788	3
789	7
790	0
791	0
792	7
793	0
794	7
795	1
796	0
797	0
798	6
799	1
800	7
801	0
802	0
803	7
804	0
805	0
806	6
807	0
808	0
809	7
810	6
811	0
812	0
813	1
814	0
815	0
816	0
817	7
818	7
819	7
820	0
821	0
822	7
823	1
824	0
825	0
826	0
827	0
828	2
829	7
830	0
831	0
832	2
833	7
834	0
835	7
836	7
837	6
838	7
839	7
840	0
841	7
842	3
843	0
844	3
845	1
846	0
847	7
848	0
849	7
850	6
851	0
852	0
853	7
854	0
855	5
856	0
857	7
858	0
859	7
860	0
861	7
862	0
863	0
864	0
865	0
866	7
867	3
868	4
869	2
870	0
871	0
872	7
873	4
874	7
875	7
876	0
877	6
878	0
879	0
880	7
881	7
882	2
883	7
884	0
885	7
886	1
887	4
888	7
889	0
890	4
891	0
892	0
893	0
894	0
895	6
896	0
897	0
898	0
899	7
900	0
901	7
902	0
903	6
904	0
905	0
906	1
907	1
908	1
909	1
910	0
911	7
912	6
913	6
914	6
915	0
916	0
917	0
918	1
919	0
920	7
921	0
922	7
923	4
924	0
925	1
926	7
927	7
928	0
929	0
930	0
931	0
932	0
933	4
934	0
935	0
936	1
937	7
938	7
939	1
940	0
941	0
942	6
943	7
944	7
945	0
946	0
947	5
948	7
949	7
950	7
951	0
952	0
953	0
954	0
955	6
956	7
957	1
958	6
959	6
960	0
961	0
962	2
963	7
964	0
965	0
966	0
967	0
968	3
969	7
970	7
971	0
972	7
973	0
974	0
975	0
976	0
977	0
978	2
979	0
980	0
981	2
982	1
983	5
984	0
985	0
986	0
987	0
988	0
989	4
990	7
991	7
992	0
993	1
994	7
995	0
996	0
997	6
998	7
999	0
1000	6
1001	7
1002	0
1003	0
1004	0
1005	7
1006	0
1007	0
1008	7
1009	7
1010	4
1011	7
1012	7
1013	7
1014	4
1015	0
1016	7
1017	7
1018	0
1019	6
1020	1
1021	7
1022	7
1023	2
