COMMAND
./sim gshare 11 8 traces/perl_trace.txt 
OUTPUT
number of predictions:		2000000
number of mispredictions:	185743
misprediction rate:		9.29%
FINAL GSHARE CONTENTS
0	7
1	1
2	7
3	0
4	7
5	7
6	0
7	5
8	7
9	4
10	6
11	7
12	7
13	7
14	5
15	6
16	0
17	7
18	7
19	7
20	1
21	5
22	7
23	2
24	7
25	7
26	0
27	7
28	0
29	0
30	0
31	6
32	4
33	0
34	7
35	7
36	0
37	7
38	7
39	0
40	0
41	0
42	6
43	3
44	0
45	7
46	0
47	1
48	7
49	3
50	0
51	0
52	1
53	0
54	7
55	0
56	5
57	5
58	7
59	6
60	7
61	0
62	6
63	0
64	2
65	7
66	0
67	7
68	2
69	7
70	7
71	7
72	7
73	7
74	7
75	7
76	7
77	6
78	5
79	6
80	7
81	7
82	7
83	7
84	3
85	0
86	0
87	4
88	0
89	5
90	0
91	2
92	4
93	0
94	7
95	2
96	2
97	6
98	7
99	0
100	7
101	7
102	7
103	7
104	7
105	7
106	7
107	6
108	1
109	0
110	0
111	2
112	0
113	7
114	7
115	7
116	7
117	0
118	1
119	5
120	5
121	0
122	7
123	7
124	0
125	7
126	7
127	6
128	0
129	0
130	0
131	6
132	7
133	7
134	7
135	7
136	6
137	7
138	7
139	7
140	7
141	7
142	0
143	2
144	7
145	7
146	6
147	7
148	6
149	7
150	7
151	7
152	7
153	7
154	0
155	5
156	7
157	7
158	7
159	3
160	1
161	1
162	4
163	0
164	7
165	7
166	0
167	7
168	7
169	7
170	7
171	7
172	7
173	7
174	7
175	0
176	7
177	5
178	7
179	7
180	7
181	7
182	7
183	7
184	0
185	2
186	7
187	7
188	5
189	7
190	7
191	7
192	0
193	0
194	7
195	7
196	0
197	0
198	1
199	7
200	0
201	0
202	1
203	7
204	4
205	0
206	0
207	0
208	7
209	5
210	7
211	0
212	6
213	7
214	0
215	0
216	7
217	0
218	0
219	7
220	0
221	0
222	7
223	6
224	1
225	7
226	0
227	0
228	0
229	7
230	0
231	0
232	7
233	0
234	0
235	0
236	3
237	1
238	6
239	0
240	6
241	7
242	3
243	7
244	6
245	0
246	4
247	7
248	0
249	5
250	0
251	7
252	2
253	0
254	7
255	0
256	7
257	7
258	0
259	7
260	0
261	3
262	7
263	6
264	0
265	0
266	7
267	0
268	7
269	7
270	7
271	5
272	7
273	7
274	0
275	1
276	7
277	0
278	6
279	0
280	0
281	1
282	0
283	5
284	7
285	1
286	4
287	7
288	0
289	4
290	7
291	0
292	0
293	6
294	7
295	5
296	1
297	4
298	0
299	0
300	0
301	0
302	0
303	7
304	6
305	7
306	2
307	7
308	0
309	0
310	0
311	0
312	7
313	7
314	7
315	7
316	4
317	0
318	7
319	3
320	7
321	0
322	4
323	4
324	7
325	5
326	0
327	7
328	2
329	0
330	2
331	7
332	0
333	0
334	3
335	0
336	0
337	7
338	7
339	7
340	7
341	0
342	2
343	0
344	0
345	0
346	0
347	6
348	0
349	4
350	7
351	0
352	7
353	1
354	0
355	0
356	0
357	1
358	0
359	0
360	7
361	0
362	0
363	3
364	6
365	0
366	6
367	2
368	1
369	7
370	0
371	0
372	0
373	0
374	1
375	7
376	0
377	1
378	0
379	0
380	0
381	7
382	2
383	0
384	0
385	3
386	1
387	3
388	6
389	6
390	7
391	4
392	0
393	4
394	3
395	0
396	7
397	4
398	7
399	4
400	0
401	0
402	0
403	0
404	0
405	0
406	0
407	3
408	7
409	3
410	0
411	2
412	6
413	0
414	3
415	0
416	7
417	4
418	7
419	4
420	3
421	1
422	0
423	3
424	0
425	1
426	0
427	2
428	7
429	0
430	6
431	0
432	2
433	7
434	6
435	0
436	7
437	0
438	0
439	3
440	0
441	0
442	0
443	7
444	6
445	7
446	4
447	1
448	6
449	7
450	6
451	4
452	3
453	1
454	0
455	7
456	5
457	7
458	0
459	7
460	0
461	0
462	6
463	7
464	5
465	1
466	0
467	5
468	7
469	7
470	4
471	0
472	3
473	3
474	7
475	7
476	5
477	5
478	0
479	7
480	0
481	0
482	0
483	7
484	0
485	0
486	0
487	0
488	7
489	4
490	0
491	0
492	5
493	0
494	0
495	1
496	0
497	0
498	0
499	5
500	7
501	7
502	0
503	0
504	0
505	0
506	0
507	0
508	3
509	4
510	2
511	0
512	1
513	7
514	6
515	0
516	7
517	7
518	0
519	0
520	3
521	1
522	7
523	0
524	0
525	0
526	0
527	5
528	7
529	3
530	0
531	5
532	4
533	6
534	0
535	0
536	4
537	6
538	5
539	2
540	7
541	7
542	5
543	6
544	0
545	0
546	2
547	0
548	3
549	0
550	7
551	7
552	0
553	0
554	0
555	0
556	2
557	2
558	7
559	3
560	7
561	7
562	7
563	7
564	0
565	2
566	0
567	0
568	0
569	4
570	0
571	7
572	7
573	1
574	1
575	0
576	0
577	5
578	0
579	7
580	0
581	0
582	0
583	0
584	0
585	1
586	0
587	0
588	0
589	0
590	0
591	0
592	7
593	0
594	0
595	7
596	0
597	0
598	0
599	0
600	2
601	7
602	7
603	1
604	0
605	0
606	0
607	0
608	5
609	0
610	0
611	0
612	3
613	1
614	0
615	7
616	0
617	0
618	7
619	0
620	3
621	0
622	0
623	0
624	7
625	2
626	7
627	0
628	0
629	0
630	0
631	0
632	7
633	2
634	0
635	7
636	0
637	0
638	7
639	7
640	7
641	7
642	7
643	7
644	5
645	3
646	4
647	5
648	0
649	5
650	4
651	0
652	7
653	4
654	0
655	0
656	7
657	0
658	7
659	7
660	0
661	4
662	4
663	0
664	3
665	0
666	4
667	0
668	4
669	6
670	7
671	4
672	7
673	2
674	7
675	5
676	0
677	0
678	6
679	7
680	7
681	0
682	0
683	6
684	1
685	4
686	3
687	0
688	3
689	4
690	7
691	6
692	7
693	0
694	2
695	7
696	7
697	7
698	6
699	7
700	7
701	5
702	6
703	7
704	7
705	3
706	0
707	5
708	7
709	0
710	7
711	1
712	7
713	0
714	0
715	3
716	0
717	0
718	7
719	6
720	7
721	0
722	4
723	2
724	7
725	7
726	7
727	0
728	0
729	4
730	2
731	4
732	7
733	0
734	0
735	0
736	0
737	0
738	5
739	7
740	7
741	0
742	5
743	4
744	7
745	6
746	7
747	1
748	1
749	0
750	7
751	3
752	4
753	5
754	4
755	7
756	2
757	7
758	0
759	6
760	5
761	7
762	7
763	0
764	0
765	7
766	2
767	3
768	5
769	3
770	0
771	6
772	0
773	6
774	5
775	4
776	2
777	0
778	3
779	0
780	4
781	5
782	7
783	7
784	4
785	7
786	7
787	3
788	7
789	3
790	7
791	5
792	4
793	4
794	5
795	2
796	0
797	7
798	7
799	0
800	3
801	0
802	3
803	5
804	4
805	6
806	0
807	5
808	4
809	7
810	0
811	2
812	0
813	4
814	0
815	0
816	3
817	4
818	4
819	7
820	7
821	5
822	0
823	6
824	4
825	1
826	7
827	4
828	0
829	0
830	3
831	3
832	7
833	7
834	6
835	7
836	7
837	0
838	3
839	4
840	5
841	2
842	5
843	7
844	3
845	7
846	4
847	0
848	4
849	3
850	0
851	5
852	0
853	0
854	7
855	5
856	4
857	5
858	7
859	6
860	6
861	3
862	0
863	0
864	0
865	0
866	5
867	4
868	0
869	0
870	1
871	0
872	5
873	4
874	7
875	0
876	6
877	0
878	6
879	2
880	7
881	0
882	6
883	3
884	4
885	3
886	2
887	0
888	4
889	7
890	0
891	0
892	3
893	4
894	5
895	7
896	4
897	7
898	6
899	3
900	4
901	4
902	7
903	4
904	7
905	5
906	3
907	3
908	4
909	0
910	0
911	7
912	4
913	4
914	1
915	3
916	4
917	1
918	0
919	7
920	5
921	4
922	0
923	4
924	3
925	4
926	1
927	5
928	4
929	0
930	7
931	7
932	7
933	4
934	6
935	1
936	2
937	5
938	7
939	4
940	3
941	5
942	0
943	7
944	4
945	0
946	7
947	0
948	0
949	1
950	1
951	3
952	0
953	7
954	0
955	0
956	7
957	4
958	3
959	7
960	4
961	2
962	3
963	7
964	7
965	4
966	4
967	4
968	4
969	4
970	7
971	5
972	2
973	7
974	0
975	0
976	2
977	5
978	0
979	0
980	7
981	2
982	3
983	2
984	1
985	0
986	0
987	3
988	2
989	3
990	5
991	4
992	6
993	0
994	3
995	0
996	5
997	6
998	5
999	6
1000	1
1001	7
1002	0
1003	2
1004	7
1005	7
1006	7
1007	4
1008	4
1009	3
1010	0
1011	3
1012	7
1013	3
1014	2
1015	4
1016	3
1017	7
1018	7
1019	7
1020	7
1021	0
1022	7
1023	7
1024	7
1025	4
1026	4
1027	2
1028	0
1029	3
1030	3
1031	0
1032	3
1033	1
1034	3
1035	6
1036	4
1037	4
1038	0
1039	0
1040	0
1041	0
1042	0
1043	4
1044	4
1045	0
1046	1
1047	3
1048	0
1049	4
1050	4
1051	0
1052	5
1053	1
1054	7
1055	5
1056	6
1057	4
1058	7
1059	0
1060	6
1061	3
1062	0
1063	3
1064	5
1065	0
1066	4
1067	5
1068	4
1069	4
1070	5
1071	7
1072	7
1073	2
1074	7
1075	3
1076	4
1077	5
1078	2
1079	0
1080	3
1081	4
1082	6
1083	0
1084	7
1085	7
1086	3
1087	0
1088	4
1089	7
1090	6
1091	7
1092	7
1093	4
1094	1
1095	6
1096	0
1097	7
1098	3
1099	7
1100	4
1101	7
1102	4
1103	7
1104	6
1105	4
1106	3
1107	2
1108	6
1109	4
1110	4
1111	3
1112	7
1113	0
1114	4
1115	2
1116	2
1117	3
1118	7
1119	6
1120	2
1121	7
1122	0
1123	7
1124	1
1125	0
1126	6
1127	3
1128	4
1129	6
1130	6
1131	7
1132	3
1133	4
1134	5
1135	7
1136	1
1137	4
1138	5
1139	3
1140	6
1141	0
1142	6
1143	5
1144	2
1145	1
1146	4
1147	0
1148	2
1149	4
1150	0
1151	4
1152	6
1153	7
1154	4
1155	4
1156	7
1157	4
1158	2
1159	3
1160	4
1161	6
1162	3
1163	5
1164	0
1165	0
1166	7
1167	0
1168	3
1169	4
1170	4
1171	3
1172	5
1173	2
1174	6
1175	3
1176	0
1177	4
1178	3
1179	1
1180	6
1181	0
1182	0
1183	7
1184	0
1185	0
1186	7
1187	0
1188	3
1189	0
1190	7
1191	0
1192	0
1193	1
1194	5
1195	2
1196	7
1197	0
1198	0
1199	7
1200	0
1201	0
1202	0
1203	6
1204	0
1205	3
1206	3
1207	4
1208	7
1209	7
1210	0
1211	6
1212	0
1213	7
1214	0
1215	7
1216	3
1217	6
1218	0
1219	7
1220	3
1221	1
1222	7
1223	5
1224	4
1225	4
1226	1
1227	0
1228	1
1229	7
1230	2
1231	1
1232	7
1233	4
1234	0
1235	3
1236	0
1237	0
1238	1
1239	5
1240	5
1241	7
1242	7
1243	7
1244	0
1245	4
1246	7
1247	6
1248	3
1249	6
1250	7
1251	5
1252	7
1253	7
1254	4
1255	0
1256	3
1257	6
1258	1
1259	7
1260	0
1261	7
1262	0
1263	0
1264	5
1265	4
1266	2
1267	0
1268	1
1269	3
1270	7
1271	5
1272	0
1273	0
1274	0
1275	0
1276	2
1277	0
1278	7
1279	2
1280	7
1281	7
1282	6
1283	6
1284	7
1285	7
1286	7
1287	0
1288	0
1289	7
1290	0
1291	7
1292	0
1293	0
1294	6
1295	7
1296	7
1297	7
1298	7
1299	1
1300	6
1301	7
1302	0
1303	7
1304	7
1305	7
1306	7
1307	7
1308	6
1309	7
1310	7
1311	7
1312	1
1313	0
1314	0
1315	0
1316	1
1317	7
1318	7
1319	0
1320	7
1321	0
1322	7
1323	7
1324	7
1325	7
1326	0
1327	7
1328	7
1329	7
1330	7
1331	7
1332	7
1333	7
1334	7
1335	7
1336	5
1337	7
1338	7
1339	7
1340	0
1341	7
1342	7
1343	7
1344	0
1345	7
1346	7
1347	7
1348	0
1349	1
1350	7
1351	6
1352	0
1353	3
1354	6
1355	4
1356	6
1357	5
1358	5
1359	7
1360	0
1361	0
1362	7
1363	7
1364	7
1365	0
1366	0
1367	7
1368	5
1369	1
1370	7
1371	7
1372	7
1373	7
1374	6
1375	6
1376	7
1377	7
1378	5
1379	6
1380	5
1381	5
1382	7
1383	0
1384	7
1385	0
1386	7
1387	6
1388	7
1389	7
1390	3
1391	0
1392	0
1393	0
1394	0
1395	0
1396	0
1397	7
1398	0
1399	7
1400	7
1401	7
1402	7
1403	2
1404	7
1405	0
1406	2
1407	6
1408	5
1409	0
1410	1
1411	0
1412	7
1413	7
1414	3
1415	3
1416	7
1417	7
1418	0
1419	6
1420	4
1421	4
1422	0
1423	6
1424	7
1425	0
1426	6
1427	5
1428	4
1429	3
1430	0
1431	0
1432	0
1433	7
1434	5
1435	6
1436	0
1437	7
1438	4
1439	6
1440	0
1441	0
1442	0
1443	0
1444	0
1445	0
1446	0
1447	0
1448	0
1449	0
1450	0
1451	6
1452	0
1453	2
1454	6
1455	0
1456	5
1457	5
1458	1
1459	1
1460	3
1461	7
1462	7
1463	6
1464	7
1465	0
1466	7
1467	6
1468	0
1469	4
1470	6
1471	7
1472	3
1473	4
1474	7
1475	0
1476	7
1477	5
1478	6
1479	7
1480	0
1481	4
1482	1
1483	0
1484	0
1485	6
1486	0
1487	5
1488	4
1489	0
1490	0
1491	3
1492	1
1493	0
1494	7
1495	0
1496	3
1497	7
1498	4
1499	0
1500	7
1501	7
1502	7
1503	7
1504	0
1505	7
1506	0
1507	7
1508	0
1509	0
1510	6
1511	0
1512	2
1513	6
1514	1
1515	2
1516	7
1517	3
1518	7
1519	7
1520	6
1521	5
1522	0
1523	7
1524	3
1525	3
1526	7
1527	7
1528	0
1529	0
1530	7
1531	7
1532	6
1533	7
1534	7
1535	7
1536	7
1537	2
1538	0
1539	7
1540	6
1541	0
1542	7
1543	7
1544	7
1545	7
1546	7
1547	7
1548	1
1549	7
1550	2
1551	7
1552	0
1553	4
1554	7
1555	0
1556	0
1557	2
1558	7
1559	7
1560	7
1561	5
1562	0
1563	7
1564	4
1565	7
1566	0
1567	0
1568	0
1569	6
1570	0
1571	3
1572	7
1573	7
1574	7
1575	3
1576	7
1577	5
1578	3
1579	4
1580	3
1581	7
1582	0
1583	7
1584	7
1585	4
1586	7
1587	4
1588	6
1589	7
1590	7
1591	0
1592	7
1593	5
1594	2
1595	5
1596	0
1597	7
1598	0
1599	7
1600	0
1601	7
1602	3
1603	0
1604	0
1605	7
1606	7
1607	2
1608	7
1609	7
1610	0
1611	6
1612	7
1613	7
1614	7
1615	0
1616	7
1617	6
1618	0
1619	6
1620	0
1621	7
1622	6
1623	7
1624	0
1625	2
1626	2
1627	7
1628	0
1629	0
1630	0
1631	6
1632	7
1633	7
1634	0
1635	7
1636	7
1637	6
1638	7
1639	1
1640	4
1641	7
1642	7
1643	7
1644	0
1645	0
1646	0
1647	0
1648	0
1649	7
1650	0
1651	0
1652	7
1653	7
1654	4
1655	7
1656	7
1657	0
1658	7
1659	1
1660	4
1661	6
1662	7
1663	4
1664	0
1665	6
1666	7
1667	7
1668	2
1669	0
1670	7
1671	4
1672	0
1673	7
1674	7
1675	7
1676	7
1677	6
1678	7
1679	0
1680	0
1681	7
1682	7
1683	0
1684	1
1685	0
1686	4
1687	7
1688	3
1689	7
1690	0
1691	6
1692	1
1693	4
1694	6
1695	4
1696	7
1697	1
1698	0
1699	0
1700	0
1701	4
1702	0
1703	0
1704	7
1705	2
1706	7
1707	0
1708	2
1709	7
1710	7
1711	0
1712	0
1713	7
1714	0
1715	5
1716	0
1717	6
1718	2
1719	7
1720	3
1721	7
1722	7
1723	0
1724	7
1725	5
1726	7
1727	1
1728	7
1729	0
1730	7
1731	0
1732	0
1733	0
1734	2
1735	5
1736	0
1737	0
1738	0
1739	0
1740	4
1741	7
1742	7
1743	0
1744	0
1745	0
1746	0
1747	0
1748	0
1749	3
1750	0
1751	0
1752	0
1753	6
1754	0
1755	0
1756	0
1757	7
1758	0
1759	0
1760	7
1761	7
1762	7
1763	6
1764	7
1765	6
1766	4
1767	3
1768	1
1769	0
1770	0
1771	0
1772	0
1773	0
1774	5
1775	3
1776	7
1777	7
1778	3
1779	0
1780	0
1781	7
1782	0
1783	0
1784	3
1785	7
1786	4
1787	7
1788	0
1789	0
1790	0
1791	4
1792	0
1793	6
1794	6
1795	5
1796	6
1797	0
1798	7
1799	7
1800	7
1801	7
1802	0
1803	5
1804	7
1805	4
1806	7
1807	6
1808	0
1809	7
1810	0
1811	0
1812	7
1813	1
1814	0
1815	7
1816	7
1817	7
1818	5
1819	6
1820	7
1821	7
1822	7
1823	0
1824	0
1825	3
1826	4
1827	7
1828	4
1829	5
1830	0
1831	5
1832	2
1833	0
1834	1
1835	3
1836	1
1837	4
1838	4
1839	7
1840	3
1841	7
1842	0
1843	7
1844	5
1845	5
1846	7
1847	7
1848	7
1849	1
1850	6
1851	0
1852	2
1853	7
1854	7
1855	7
1856	7
1857	7
1858	6
1859	7
1860	7
1861	0
1862	0
1863	0
1864	7
1865	7
1866	7
1867	3
1868	0
1869	0
1870	0
1871	7
1872	7
1873	3
1874	0
1875	1
1876	7
1877	7
1878	7
1879	7
1880	6
1881	4
1882	7
1883	7
1884	7
1885	7
1886	7
1887	7
1888	7
1889	7
1890	0
1891	0
1892	7
1893	7
1894	0
1895	2
1896	7
1897	7
1898	7
1899	3
1900	0
1901	1
1902	6
1903	4
1904	0
1905	0
1906	0
1907	4
1908	7
1909	0
1910	7
1911	1
1912	7
1913	7
1914	0
1915	1
1916	7
1917	7
1918	7
1919	7
1920	2
1921	7
1922	7
1923	7
1924	7
1925	7
1926	7
1927	6
1928	6
1929	7
1930	0
1931	7
1932	7
1933	0
1934	2
1935	0
1936	0
1937	6
1938	5
1939	7
1940	7
1941	7
1942	5
1943	0
1944	7
1945	1
1946	7
1947	7
1948	7
1949	3
1950	7
1951	0
1952	7
1953	0
1954	7
1955	5
1956	7
1957	7
1958	1
1959	5
1960	7
1961	7
1962	7
1963	7
1964	0
1965	7
1966	0
1967	7
1968	7
1969	7
1970	1
1971	7
1972	7
1973	0
1974	7
1975	0
1976	7
1977	0
1978	7
1979	7
1980	7
1981	7
1982	7
1983	5
1984	6
1985	5
1986	6
1987	0
1988	7
1989	7
1990	5
1991	0
1992	0
1993	0
1994	7
1995	0
1996	0
1997	2
1998	7
1999	7
2000	7
2001	7
2002	7
2003	1
2004	0
2005	7
2006	6
2007	4
2008	7
2009	7
2010	0
2011	0
2012	0
2013	0
2014	7
2015	7
2016	7
2017	0
2018	7
2019	6
2020	0
2021	7
2022	2
2023	7
2024	0
2025	7
2026	7
2027	0
2028	7
2029	7
2030	7
2031	7
2032	0
2033	7
2034	0
2035	0
2036	5
2037	0
2038	7
2039	5
2040	1
2041	7
2042	0
2043	7
2044	7
2045	3
2046	7
2047	0
