COMMAND
./sim bimodal 11 traces/perl_trace.txt 
OUTPUT
number of predictions:		2000000
number of mispredictions:	211829
misprediction rate:		10.59%
FINAL BIMODAL CONTENTS
0	7
1	6
2	7
3	4
4	4
5	3
6	4
7	4
8	4
9	4
10	7
11	3
12	7
13	7
14	3
15	3
16	4
17	5
18	5
19	4
20	4
21	7
22	1
23	5
24	3
25	5
26	4
27	7
28	3
29	4
30	5
31	5
32	4
33	7
34	0
35	7
36	6
37	4
38	7
39	5
40	5
41	7
42	7
43	7
44	7
45	4
46	4
47	0
48	7
49	7
50	6
51	4
52	4
53	0
54	7
55	2
56	0
57	5
58	3
59	7
60	0
61	4
62	3
63	3
64	1
65	5
66	0
67	4
68	4
69	0
70	4
71	4
72	7
73	7
74	0
75	3
76	4
77	4
78	7
79	7
80	7
81	2
82	4
83	6
84	4
85	0
86	7
87	6
88	4
89	7
90	7
91	4
92	6
93	4
94	0
95	5
96	0
97	7
98	7
99	7
100	5
101	1
102	4
103	4
104	4
105	1
106	0
107	4
108	4
109	1
110	0
111	7
112	4
113	6
114	0
115	7
116	7
117	5
118	0
119	3
120	6
121	0
122	4
123	7
124	4
125	4
126	4
127	0
128	7
129	0
130	0
131	1
132	7
133	4
134	0
135	7
136	2
137	7
138	0
139	7
140	5
141	0
142	0
143	2
144	0
145	0
146	0
147	7
148	0
149	7
150	7
151	0
152	7
153	4
154	4
155	4
156	5
157	0
158	7
159	4
160	3
161	0
162	0
163	6
164	7
165	2
166	5
167	1
168	7
169	0
170	7
171	5
172	7
173	4
174	7
175	4
176	5
177	0
178	7
179	4
180	7
181	4
182	3
183	4
184	7
185	7
186	5
187	2
188	4
189	6
190	5
191	1
192	4
193	0
194	4
195	2
196	6
197	6
198	4
199	4
200	4
201	7
202	4
203	4
204	7
205	4
206	3
207	4
208	1
209	4
210	2
211	0
212	4
213	0
214	4
215	0
216	0
217	4
218	0
219	0
220	4
221	7
222	3
223	7
224	6
225	7
226	3
227	0
228	3
229	4
230	5
231	4
232	1
233	4
234	4
235	6
236	4
237	0
238	7
239	6
240	4
241	0
242	4
243	0
244	4
245	0
246	4
247	4
248	5
249	7
250	4
251	7
252	6
253	3
254	7
255	5
256	4
257	3
258	6
259	0
260	4
261	5
262	6
263	2
264	0
265	5
266	6
267	5
268	4
269	1
270	4
271	1
272	3
273	0
274	2
275	7
276	1
277	3
278	7
279	4
280	4
281	3
282	7
283	5
284	3
285	4
286	0
287	5
288	5
289	6
290	4
291	3
292	4
293	3
294	0
295	7
296	5
297	4
298	5
299	7
300	4
301	7
302	7
303	4
304	4
305	4
306	0
307	4
308	6
309	0
310	0
311	6
312	4
313	4
314	4
315	6
316	4
317	7
318	7
319	0
320	3
321	5
322	4
323	1
324	4
325	7
326	4
327	0
328	0
329	2
330	4
331	7
332	3
333	5
334	0
335	7
336	7
337	4
338	3
339	4
340	1
341	1
342	0
343	4
344	0
345	7
346	4
347	4
348	3
349	2
350	4
351	5
352	5
353	5
354	4
355	0
356	6
357	4
358	5
359	4
360	4
361	4
362	7
363	4
364	0
365	4
366	4
367	3
368	6
369	4
370	4
371	4
372	4
373	4
374	4
375	0
376	0
377	0
378	4
379	3
380	5
381	7
382	6
383	4
384	4
385	4
386	4
387	4
388	4
389	6
390	1
391	3
392	4
393	1
394	0
395	4
396	4
397	4
398	4
399	4
400	4
401	4
402	4
403	6
404	6
405	3
406	4
407	1
408	4
409	4
410	6
411	5
412	4
413	7
414	4
415	5
416	6
417	4
418	2
419	1
420	0
421	4
422	2
423	7
424	4
425	2
426	7
427	2
428	5
429	0
430	4
431	2
432	4
433	4
434	2
435	0
436	4
437	3
438	5
439	2
440	4
441	4
442	4
443	4
444	4
445	4
446	4
447	3
448	4
449	4
450	4
451	7
452	5
453	4
454	3
455	3
456	4
457	4
458	5
459	4
460	4
461	3
462	4
463	4
464	7
465	4
466	4
467	4
468	7
469	4
470	4
471	4
472	4
473	4
474	4
475	4
476	4
477	4
478	4
479	4
480	4
481	4
482	4
483	1
484	4
485	2
486	4
487	7
488	0
489	4
490	7
491	4
492	4
493	4
494	4
495	4
496	4
497	3
498	4
499	0
500	4
501	4
502	3
503	4
504	7
505	4
506	4
507	4
508	7
509	7
510	4
511	0
512	4
513	0
514	3
515	3
516	4
517	6
518	5
519	4
520	4
521	2
522	4
523	4
524	4
525	4
526	7
527	4
528	4
529	4
530	0
531	4
532	4
533	6
534	4
535	4
536	4
537	3
538	5
539	4
540	7
541	4
542	4
543	4
544	4
545	4
546	4
547	2
548	3
549	4
550	7
551	7
552	7
553	0
554	4
555	4
556	6
557	4
558	3
559	6
560	7
561	7
562	4
563	7
564	4
565	4
566	0
567	4
568	6
569	6
570	4
571	4
572	7
573	4
574	0
575	3
576	0
577	5
578	4
579	4
580	4
581	4
582	0
583	4
584	5
585	4
586	0
587	5
588	0
589	0
590	0
591	2
592	0
593	0
594	5
595	5
596	0
597	2
598	7
599	4
600	7
601	4
602	0
603	7
604	4
605	4
606	0
607	4
608	4
609	3
610	7
611	4
612	6
613	6
614	4
615	4
616	4
617	4
618	7
619	2
620	4
621	0
622	2
623	1
624	0
625	3
626	7
627	0
628	7
629	7
630	7
631	2
632	4
633	7
634	4
635	4
636	4
637	4
638	6
639	1
640	5
641	0
642	1
643	0
644	2
645	4
646	5
647	7
648	4
649	0
650	6
651	4
652	4
653	4
654	6
655	7
656	4
657	4
658	4
659	7
660	6
661	4
662	2
663	4
664	2
665	4
666	7
667	4
668	3
669	4
670	4
671	4
672	4
673	4
674	4
675	4
676	3
677	4
678	4
679	4
680	0
681	4
682	4
683	7
684	4
685	3
686	4
687	4
688	4
689	4
690	4
691	4
692	1
693	4
694	4
695	4
696	6
697	4
698	4
699	4
700	4
701	0
702	2
703	5
704	4
705	6
706	4
707	4
708	0
709	4
710	7
711	4
712	4
713	4
714	4
715	0
716	7
717	4
718	4
719	4
720	4
721	4
722	4
723	4
724	4
725	5
726	4
727	4
728	4
729	4
730	4
731	4
732	4
733	5
734	4
735	4
736	4
737	4
738	4
739	4
740	4
741	7
742	4
743	4
744	4
745	3
746	4
747	0
748	4
749	2
750	4
751	6
752	4
753	4
754	4
755	7
756	7
757	7
758	4
759	4
760	7
761	4
762	4
763	4
764	0
765	5
766	4
767	0
768	6
769	0
770	4
771	0
772	4
773	7
774	4
775	4
776	4
777	4
778	4
779	4
780	4
781	4
782	0
783	7
784	6
785	4
786	6
787	4
788	0
789	0
790	0
791	7
792	2
793	0
794	4
795	7
796	4
797	4
798	7
799	4
800	4
801	4
802	1
803	4
804	7
805	7
806	4
807	4
808	4
809	1
810	7
811	4
812	4
813	4
814	7
815	4
816	4
817	4
818	4
819	3
820	4
821	1
822	0
823	7
824	0
825	4
826	4
827	4
828	3
829	4
830	5
831	0
832	2
833	4
834	7
835	4
836	7
837	7
838	7
839	4
840	0
841	7
842	3
843	4
844	3
845	0
846	2
847	4
848	0
849	4
850	2
851	4
852	2
853	1
854	4
855	2
856	2
857	7
858	7
859	4
860	3
861	6
862	0
863	7
864	0
865	4
866	7
867	4
868	0
869	4
870	0
871	4
872	6
873	0
874	4
875	7
876	4
877	4
878	6
879	4
880	4
881	4
882	5
883	4
884	4
885	0
886	6
887	0
888	7
889	4
890	0
891	4
892	4
893	0
894	4
895	3
896	4
897	4
898	3
899	0
900	7
901	7
902	5
903	7
904	4
905	0
906	7
907	4
908	1
909	4
910	4
911	4
912	4
913	2
914	7
915	4
916	4
917	0
918	4
919	0
920	4
921	4
922	4
923	4
924	3
925	7
926	5
927	4
928	4
929	0
930	7
931	7
932	7
933	4
934	4
935	4
936	4
937	7
938	0
939	4
940	4
941	7
942	4
943	7
944	4
945	7
946	2
947	7
948	4
949	5
950	6
951	6
952	1
953	1
954	4
955	4
956	7
957	4
958	4
959	5
960	6
961	0
962	4
963	4
964	4
965	2
966	4
967	4
968	3
969	7
970	0
971	4
972	6
973	4
974	7
975	4
976	7
977	5
978	0
979	4
980	4
981	4
982	4
983	3
984	5
985	4
986	1
987	0
988	4
989	4
990	5
991	6
992	4
993	4
994	4
995	4
996	4
997	4
998	0
999	4
1000	1
1001	0
1002	4
1003	7
1004	4
1005	4
1006	4
1007	7
1008	6
1009	4
1010	0
1011	3
1012	7
1013	4
1014	4
1015	0
1016	4
1017	4
1018	4
1019	0
1020	7
1021	7
1022	3
1023	3
1024	2
1025	4
1026	3
1027	4
1028	7
1029	7
1030	7
1031	7
1032	5
1033	5
1034	7
1035	7
1036	7
1037	4
1038	4
1039	3
1040	4
1041	3
1042	3
1043	0
1044	4
1045	0
1046	4
1047	0
1048	4
1049	0
1050	4
1051	0
1052	4
1053	5
1054	7
1055	4
1056	4
1057	2
1058	4
1059	6
1060	1
1061	0
1062	4
1063	6
1064	5
1065	4
1066	2
1067	2
1068	2
1069	4
1070	7
1071	2
1072	4
1073	4
1074	6
1075	0
1076	4
1077	4
1078	4
1079	4
1080	3
1081	4
1082	4
1083	4
1084	0
1085	4
1086	6
1087	4
1088	4
1089	3
1090	0
1091	4
1092	4
1093	4
1094	5
1095	5
1096	4
1097	4
1098	6
1099	4
1100	4
1101	4
1102	5
1103	6
1104	4
1105	4
1106	2
1107	6
1108	4
1109	6
1110	4
1111	2
1112	4
1113	4
1114	4
1115	0
1116	4
1117	4
1118	0
1119	6
1120	4
1121	6
1122	3
1123	3
1124	2
1125	4
1126	1
1127	4
1128	4
1129	5
1130	2
1131	0
1132	3
1133	4
1134	7
1135	6
1136	4
1137	3
1138	3
1139	4
1140	4
1141	1
1142	1
1143	7
1144	4
1145	4
1146	4
1147	2
1148	5
1149	4
1150	0
1151	7
1152	4
1153	7
1154	4
1155	4
1156	3
1157	4
1158	4
1159	4
1160	3
1161	0
1162	4
1163	3
1164	4
1165	4
1166	4
1167	1
1168	4
1169	4
1170	5
1171	0
1172	5
1173	4
1174	3
1175	4
1176	4
1177	0
1178	4
1179	4
1180	4
1181	4
1182	3
1183	4
1184	4
1185	3
1186	4
1187	4
1188	4
1189	4
1190	5
1191	4
1192	4
1193	0
1194	0
1195	1
1196	0
1197	4
1198	0
1199	4
1200	7
1201	4
1202	1
1203	6
1204	7
1205	0
1206	6
1207	7
1208	4
1209	6
1210	6
1211	7
1212	4
1213	6
1214	6
1215	4
1216	4
1217	7
1218	4
1219	0
1220	2
1221	0
1222	4
1223	0
1224	7
1225	5
1226	4
1227	0
1228	5
1229	7
1230	4
1231	4
1232	4
1233	7
1234	0
1235	7
1236	0
1237	4
1238	6
1239	4
1240	3
1241	0
1242	2
1243	4
1244	7
1245	0
1246	3
1247	0
1248	4
1249	4
1250	4
1251	5
1252	4
1253	6
1254	7
1255	7
1256	3
1257	6
1258	7
1259	7
1260	2
1261	1
1262	7
1263	5
1264	0
1265	7
1266	4
1267	7
1268	6
1269	4
1270	4
1271	0
1272	4
1273	2
1274	5
1275	6
1276	3
1277	4
1278	4
1279	4
1280	6
1281	3
1282	4
1283	7
1284	4
1285	3
1286	7
1287	5
1288	7
1289	4
1290	4
1291	7
1292	4
1293	4
1294	4
1295	4
1296	7
1297	4
1298	4
1299	4
1300	7
1301	7
1302	4
1303	7
1304	5
1305	4
1306	5
1307	4
1308	1
1309	7
1310	1
1311	4
1312	6
1313	7
1314	0
1315	4
1316	3
1317	1
1318	4
1319	2
1320	6
1321	0
1322	4
1323	0
1324	6
1325	4
1326	4
1327	5
1328	7
1329	6
1330	4
1331	0
1332	0
1333	4
1334	5
1335	4
1336	6
1337	7
1338	4
1339	4
1340	3
1341	4
1342	5
1343	7
1344	4
1345	2
1346	4
1347	4
1348	6
1349	4
1350	2
1351	5
1352	5
1353	5
1354	3
1355	0
1356	4
1357	7
1358	5
1359	7
1360	4
1361	7
1362	4
1363	0
1364	7
1365	3
1366	1
1367	7
1368	1
1369	0
1370	7
1371	7
1372	4
1373	7
1374	4
1375	3
1376	4
1377	4
1378	6
1379	7
1380	4
1381	5
1382	4
1383	7
1384	0
1385	4
1386	3
1387	6
1388	7
1389	0
1390	5
1391	7
1392	5
1393	4
1394	4
1395	0
1396	4
1397	0
1398	6
1399	4
1400	4
1401	4
1402	6
1403	3
1404	7
1405	0
1406	1
1407	4
1408	4
1409	7
1410	4
1411	4
1412	4
1413	4
1414	6
1415	6
1416	6
1417	5
1418	4
1419	7
1420	6
1421	6
1422	7
1423	4
1424	4
1425	6
1426	4
1427	4
1428	5
1429	1
1430	4
1431	4
1432	5
1433	6
1434	4
1435	0
1436	0
1437	1
1438	6
1439	5
1440	1
1441	4
1442	6
1443	7
1444	1
1445	5
1446	7
1447	3
1448	4
1449	6
1450	0
1451	6
1452	7
1453	3
1454	3
1455	2
1456	6
1457	4
1458	0
1459	4
1460	6
1461	7
1462	4
1463	7
1464	6
1465	2
1466	7
1467	7
1468	0
1469	3
1470	4
1471	4
1472	7
1473	0
1474	7
1475	4
1476	1
1477	4
1478	0
1479	5
1480	3
1481	2
1482	0
1483	0
1484	4
1485	6
1486	7
1487	7
1488	7
1489	0
1490	7
1491	3
1492	5
1493	0
1494	6
1495	5
1496	6
1497	0
1498	4
1499	2
1500	6
1501	0
1502	0
1503	0
1504	6
1505	7
1506	4
1507	0
1508	7
1509	0
1510	4
1511	3
1512	6
1513	1
1514	0
1515	0
1516	0
1517	4
1518	6
1519	0
1520	7
1521	6
1522	2
1523	4
1524	3
1525	7
1526	4
1527	2
1528	4
1529	4
1530	7
1531	4
1532	0
1533	0
1534	5
1535	4
1536	4
1537	7
1538	4
1539	6
1540	4
1541	4
1542	4
1543	0
1544	7
1545	7
1546	4
1547	4
1548	4
1549	2
1550	7
1551	4
1552	6
1553	6
1554	7
1555	0
1556	7
1557	4
1558	7
1559	3
1560	0
1561	4
1562	4
1563	4
1564	0
1565	4
1566	0
1567	0
1568	0
1569	4
1570	4
1571	7
1572	4
1573	4
1574	4
1575	0
1576	5
1577	7
1578	4
1579	7
1580	4
1581	2
1582	7
1583	4
1584	1
1585	3
1586	0
1587	4
1588	6
1589	7
1590	4
1591	3
1592	5
1593	2
1594	7
1595	6
1596	7
1597	4
1598	5
1599	7
1600	7
1601	0
1602	4
1603	7
1604	7
1605	4
1606	4
1607	4
1608	5
1609	7
1610	4
1611	4
1612	7
1613	7
1614	4
1615	2
1616	4
1617	7
1618	4
1619	0
1620	6
1621	0
1622	4
1623	0
1624	7
1625	4
1626	0
1627	0
1628	7
1629	5
1630	4
1631	0
1632	1
1633	4
1634	4
1635	4
1636	7
1637	0
1638	4
1639	7
1640	3
1641	5
1642	4
1643	4
1644	6
1645	4
1646	2
1647	7
1648	4
1649	4
1650	4
1651	6
1652	5
1653	5
1654	7
1655	0
1656	0
1657	0
1658	4
1659	7
1660	7
1661	4
1662	7
1663	4
1664	5
1665	4
1666	7
1667	7
1668	4
1669	0
1670	7
1671	0
1672	7
1673	7
1674	4
1675	6
1676	4
1677	7
1678	0
1679	4
1680	4
1681	0
1682	4
1683	0
1684	4
1685	0
1686	5
1687	0
1688	0
1689	7
1690	0
1691	4
1692	0
1693	7
1694	0
1695	5
1696	0
1697	4
1698	7
1699	6
1700	4
1701	4
1702	6
1703	4
1704	4
1705	7
1706	7
1707	4
1708	2
1709	0
1710	6
1711	4
1712	6
1713	4
1714	0
1715	0
1716	4
1717	6
1718	6
1719	7
1720	4
1721	4
1722	2
1723	4
1724	7
1725	7
1726	4
1727	0
1728	7
1729	4
1730	4
1731	4
1732	4
1733	0
1734	0
1735	7
1736	0
1737	4
1738	3
1739	7
1740	4
1741	0
1742	6
1743	0
1744	2
1745	4
1746	7
1747	2
1748	7
1749	2
1750	4
1751	6
1752	4
1753	4
1754	4
1755	7
1756	7
1757	4
1758	7
1759	4
1760	7
1761	4
1762	4
1763	4
1764	3
1765	3
1766	7
1767	5
1768	3
1769	4
1770	7
1771	7
1772	4
1773	0
1774	0
1775	4
1776	4
1777	7
1778	7
1779	7
1780	4
1781	4
1782	7
1783	0
1784	4
1785	1
1786	4
1787	0
1788	7
1789	3
1790	6
1791	7
1792	4
1793	7
1794	3
1795	6
1796	7
1797	0
1798	4
1799	7
1800	3
1801	7
1802	0
1803	7
1804	7
1805	7
1806	5
1807	5
1808	7
1809	0
1810	4
1811	0
1812	6
1813	4
1814	4
1815	7
1816	4
1817	0
1818	7
1819	2
1820	7
1821	5
1822	7
1823	7
1824	0
1825	7
1826	0
1827	7
1828	4
1829	5
1830	7
1831	0
1832	7
1833	7
1834	6
1835	4
1836	1
1837	3
1838	7
1839	4
1840	4
1841	7
1842	7
1843	4
1844	4
1845	4
1846	5
1847	4
1848	4
1849	4
1850	4
1851	0
1852	4
1853	4
1854	6
1855	1
1856	0
1857	7
1858	4
1859	5
1860	7
1861	7
1862	6
1863	0
1864	4
1865	0
1866	7
1867	7
1868	6
1869	3
1870	4
1871	0
1872	7
1873	7
1874	0
1875	4
1876	5
1877	4
1878	7
1879	4
1880	0
1881	5
1882	4
1883	7
1884	6
1885	0
1886	4
1887	3
1888	0
1889	5
1890	4
1891	0
1892	1
1893	7
1894	0
1895	7
1896	7
1897	0
1898	7
1899	4
1900	7
1901	1
1902	4
1903	7
1904	7
1905	4
1906	7
1907	4
1908	1
1909	0
1910	0
1911	4
1912	0
1913	4
1914	7
1915	0
1916	2
1917	7
1918	5
1919	2
1920	7
1921	6
1922	4
1923	4
1924	2
1925	4
1926	4
1927	4
1928	2
1929	1
1930	4
1931	0
1932	6
1933	7
1934	4
1935	6
1936	5
1937	1
1938	4
1939	7
1940	7
1941	3
1942	4
1943	1
1944	5
1945	3
1946	4
1947	0
1948	2
1949	7
1950	3
1951	4
1952	7
1953	6
1954	7
1955	4
1956	4
1957	0
1958	5
1959	6
1960	6
1961	4
1962	1
1963	1
1964	0
1965	7
1966	3
1967	7
1968	1
1969	4
1970	6
1971	3
1972	4
1973	7
1974	4
1975	7
1976	4
1977	4
1978	4
1979	7
1980	4
1981	7
1982	4
1983	4
1984	3
1985	4
1986	4
1987	5
1988	5
1989	4
1990	4
1991	5
1992	5
1993	4
1994	4
1995	4
1996	7
1997	5
1998	7
1999	5
2000	4
2001	0
2002	7
2003	6
2004	4
2005	0
2006	4
2007	4
2008	7
2009	4
2010	5
2011	3
2012	7
2013	4
2014	4
2015	5
2016	7
2017	4
2018	3
2019	4
2020	3
2021	4
2022	4
2023	4
2024	6
2025	4
2026	2
2027	0
2028	0
2029	2
2030	5
2031	7
2032	6
2033	7
2034	4
2035	0
2036	5
2037	0
2038	7
2039	0
2040	7
2041	0
2042	7
2043	7
2044	5
2045	3
2046	5
2047	4
